P2
100 1000
65535
12494 12531 12567 12605 12641 12679 12716 12753 12790 12826 12864 12901 12937 12975 13011 13048 13084 13122 13159 13196 13233 13269 13306 13343 13381 13418 13454 13492 13528 13564 13602 13639 13676 13712 13750 13786 13823 13861 13897 13934 13971 14008 14045 14082 14120 14156 14193 14229 14266 14304 14340 14378 14414 14451 14488 14525 14562 14599 14636 14673 14709 14747 14784 14821 14857 14894 14931 14967 15005 15042 15079 15116 15153 15190 15226 15264 15301 15337 15375 15411 15449 15485 15522 15559 15595 15633 15670 15707 15744 15781 15818 15854 15892 15929 15965 16003 16039 16076 16112 16150 
12531 12568 12604 12642 12679 12716 12753 12790 12827 12863 12901 12937 12974 13012 13048 13085 13122 13159 13196 13233 13270 13306 13344 13381 13418 13455 13491 13528 13564 13602 13640 13676 13713 13749 13787 13824 13861 13898 13934 13972 14008 14045 14082 14119 14157 14193 14230 14267 14304 14341 14377 14415 14451 14488 14525 14562 14600 14636 14673 14710 14747 14785 14821 14858 14895 14931 14968 15005 15043 15079 15116 15153 15189 15227 15264 15301 15338 15374 15412 15449 15486 15523 15559 15596 15633 15670 15707 15744 15781 15818 15855 15891 15929 15966 16003 16040 16076 16113 16150 16187 
12568 12605 12642 12680 12716 12753 12790 12826 12864 12901 12938 12975 13012 13048 13084 13123 13159 13196 13233 13270 13307 13344 13382 13418 13454 13492 13528 13565 13602 13640 13676 13713 13750 13786 13824 13861 13898 13935 13971 14009 14045 14082 14120 14156 14193 14230 14267 14304 14341 14379 14415 14452 14488 14525 14563 14599 14637 14673 14710 14747 14784 14821 14857 14895 14931 14968 15006 15043 15080 15116 15153 15190 15227 15265 15301 15338 15375 15412 15449 15486 15523 15559 15596 15633 15670 15708 15744 15781 15818 15854 15892 15929 15966 16003 16040 16076 16112 16151 16187 16224 
12604 12642 12679 12716 12752 12790 12826 12863 12901 12937 12974 13011 13048 13085 13121 13159 13195 13233 13270 13306 13344 13380 13418 13454 13491 13528 13564 13602 13639 13676 13713 13749 13787 13823 13861 13898 13934 13971 14007 14045 14082 14119 14156 14192 14230 14266 14304 14341 14377 14415 14451 14488 14525 14562 14599 14635 14673 14709 14747 14784 14821 14858 14894 14931 14967 15005 15043 15079 15116 15153 15189 15227 15264 15301 15337 15374 15411 15449 15486 15522 15559 15596 15632 15670 15707 15744 15781 15818 15854 15891 15929 15965 16003 16039 16076 16113 16149 16187 16224 16261 
12642 12680 12716 12754 12790 12827 12864 12901 12938 12975 13012 13048 13085 13123 13159 13197 13233 13270 13307 13344 13382 13418 13455 13492 13528 13565 13602 13640 13676 13713 13750 13787 13825 13861 13898 13935 13972 14009 14045 14083 14120 14156 14193 14230 14267 14304 14342 14378 14415 14452 14488 14526 14563 14600 14637 14673 14710 14747 14785 14821 14858 14895 14931 14969 15006 15043 15080 15116 15153 15190 15228 15265 15301 15339 15375 15412 15449 15486 15523 15559 15597 15633 15670 15708 15744 15782 15818 15855 15892 15929 15967 16003 16040 16076 16113 16151 16187 16225 16261 16298 
12679 12716 12752 12790 12826 12863 12901 12937 12975 13011 13048 13084 13121 13159 13195 13233 13269 13306 13343 13380 13418 13454 13491 13528 13564 13602 13639 13676 13712 13749 13786 13823 13861 13897 13934 13971 14008 14045 14082 14119 14156 14192 14230 14266 14304 14340 14378 14414 14451 14488 14524 14562 14599 14636 14673 14709 14747 14784 14821 14857 14894 14931 14967 15005 15042 15079 15116 15152 15189 15226 15264 15301 15337 15375 15411 15449 15485 15522 15559 15595 15633 15670 15707 15744 15780 15818 15854 15891 15929 15965 16003 16039 16076 16112 16150 16187 16223 16261 16297 16334 
12716 12753 12790 12827 12863 12901 12938 12975 13012 13048 13085 13122 13159 13197 13233 13270 13306 13344 13382 13418 13455 13491 13528 13565 13602 13640 13676 13714 13750 13787 13824 13861 13898 13934 13972 14008 14045 14083 14119 14156 14193 14230 14267 14304 14342 14378 14415 14451 14488 14525 14562 14600 14636 14673 14710 14747 14785 14821 14858 14895 14931 14969 15005 15043 15079 15116 15154 15189 15228 15264 15301 15338 15374 15412 15449 15486 15523 15559 15597 15633 15670 15707 15744 15782 15818 15855 15892 15929 15966 16003 16040 16076 16113 16150 16188 16225 16261 16298 16334 16372 
12753 12790 12826 12864 12901 12938 12975 13011 13048 13084 13122 13159 13196 13233 13270 13307 13343 13381 13418 13454 13492 13528 13565 13602 13640 13676 13712 13750 13786 13824 13861 13898 13935 13971 14008 14045 14082 14120 14156 14193 14229 14267 14304 14341 14378 14414 14451 14488 14525 14563 14599 14637 14673 14709 14747 14784 14821 14858 14895 14931 14968 15006 15043 15079 15116 15153 15190 15226 15265 15301 15337 15375 15411 15449 15485 15523 15559 15596 15633 15670 15707 15744 15781 15818 15854 15892 15929 15966 16003 16039 16076 16112 16150 16187 16224 16261 16298 16335 16372 16409 
12790 12826 12863 12901 12937 12974 13011 13048 13085 13121 13159 13196 13233 13270 13306 13344 13381 13418 13454 13491 13528 13564 13602 13639 13676 13713 13749 13787 13823 13861 13898 13934 13972 14008 14045 14082 14119 14156 14192 14230 14266 14304 14341 14377 14415 14451 14488 14525 14562 14600 14636 14673 14709 14747 14785 14821 14858 14894 14931 14968 15005 15043 15079 15116 15153 15189 15227 15264 15301 15337 15374 15412 15449 15486 15522 15559 15596 15632 15670 15707 15744 15781 15818 15855 15891 15929 15965 16003 16040 16076 16113 16149 16187 16224 16261 16298 16334 16372 16409 16446 
12827 12864 12901 12938 12975 13012 13048 13085 13123 13159 13197 13233 13270 13307 13344 13382 13418 13455 13492 13528 13565 13602 13640 13676 13713 13750 13787 13825 13861 13898 13935 13971 14009 14045 14083 14120 14156 14193 14230 14267 14304 14341 14379 14415 14452 14488 14525 14563 14600 14637 14673 14710 14747 14785 14821 14858 14895 14931 14968 15006 15043 15080 15116 15153 15190 15227 15265 15301 15338 15375 15412 15449 15486 15523 15559 15597 15633 15670 15708 15744 15782 15818 15855 15892 15929 15967 16003 16040 16076 16113 16151 16187 16225 16261 16298 16335 16372 16410 16446 16483 
12863 12901 12937 12975 13011 13048 13084 13121 13159 13195 13233 13269 13306 13344 13380 13418 13454 13491 13528 13564 13602 13639 13676 13712 13749 13787 13823 13861 13897 13934 13971 14007 14045 14082 14119 14156 14192 14230 14266 14304 14340 14377 14415 14451 14488 14524 14562 14599 14636 14673 14709 14747 14784 14821 14858 14894 14931 14967 15005 15043 15079 15116 15152 15190 15227 15264 15301 15337 15374 15411 15449 15486 15522 15559 15595 15633 15670 15707 15744 15780 15818 15854 15891 15929 15965 16003 16039 16076 16112 16149 16187 16223 16261 16298 16334 16372 16408 16446 16482 16519 
12901 12938 12975 13012 13048 13085 13122 13159 13197 13233 13270 13306 13344 13382 13418 13455 13491 13528 13565 13602 13640 13676 13713 13750 13787 13825 13861 13898 13934 13972 14009 14045 14083 14119 14156 14193 14230 14267 14304 14342 14378 14415 14452 14488 14526 14562 14600 14637 14673 14710 14747 14785 14821 14858 14895 14931 14969 15005 15043 15080 15116 15154 15190 15228 15265 15301 15338 15374 15412 15449 15486 15523 15559 15597 15633 15670 15707 15744 15782 15818 15855 15892 15929 15966 16003 16040 16076 16113 16151 16188 16225 16261 16298 16334 16372 16410 16446 16483 16520 16556 
12937 12975 13011 13048 13084 13122 13159 13196 13233 13269 13306 13343 13381 13418 13454 13492 13528 13564 13602 13639 13676 13712 13750 13786 13824 13861 13897 13935 13971 14008 14045 14082 14120 14156 14193 14229 14266 14304 14340 14378 14414 14451 14488 14525 14563 14599 14636 14673 14709 14747 14784 14821 14857 14895 14931 14967 15005 15042 15079 15116 15153 15190 15226 15264 15301 15337 15375 15411 15449 15485 15523 15559 15595 15633 15670 15707 15744 15781 15818 15854 15892 15929 15965 16003 16039 16076 16112 16150 16187 16224 16261 16297 16334 16372 16409 16446 16482 16520 16556 16592 
12975 13012 13048 13085 13121 13159 13196 13233 13270 13306 13344 13381 13418 13455 13491 13528 13564 13602 13640 13676 13713 13749 13787 13824 13861 13898 13934 13972 14008 14045 14082 14119 14156 14192 14230 14267 14304 14341 14377 14415 14451 14488 14525 14562 14600 14636 14673 14709 14747 14785 14821 14858 14895 14931 14968 15005 15043 15079 15116 15153 15189 15228 15264 15301 15337 15374 15412 15449 15486 15523 15559 15596 15633 15670 15707 15744 15781 15818 15855 15891 15929 15965 16003 16040 16076 16113 16150 16187 16224 16261 16298 16334 16372 16409 16446 16483 16519 16556 16592 16630 
13012 13048 13085 13123 13159 13196 13233 13270 13307 13344 13382 13418 13455 13492 13528 13565 13602 13640 13676 13713 13750 13786 13824 13861 13898 13935 13971 14009 14045 14082 14120 14156 14193 14229 14267 14304 14341 14379 14415 14452 14488 14525 14563 14599 14637 14673 14710 14747 14784 14821 14858 14895 14931 14968 15006 15043 15080 15116 15153 15190 15227 15265 15301 15338 15375 15412 15449 15486 15523 15559 15596 15633 15670 15708 15744 15782 15818 15854 15892 15929 15966 16003 16040 16076 16113 16151 16187 16224 16261 16298 16335 16372 16410 16446 16483 16520 16556 16593 16630 16668 
13048 13085 13121 13159 13195 13233 13270 13306 13344 13380 13418 13454 13491 13528 13564 13602 13639 13676 13713 13749 13787 13823 13861 13898 13934 13971 14007 14045 14082 14119 14156 14192 14230 14266 14304 14340 14377 14415 14451 14488 14525 14562 14599 14635 14673 14709 14747 14784 14821 14858 14894 14931 14967 15005 15043 15079 15116 15153 15189 15227 15264 15301 15337 15374 15411 15449 15486 15522 15559 15595 15632 15670 15707 15744 15780 15818 15854 15891 15929 15965 16002 16039 16076 16113 16149 16187 16223 16261 16298 16334 16372 16408 16446 16482 16519 16556 16592 16630 16667 16704 
13085 13123 13159 13197 13233 13270 13307 13344 13382 13418 13455 13492 13528 13565 13602 13640 13676 13713 13750 13787 13825 13861 13898 13935 13972 14009 14045 14083 14120 14156 14193 14230 14267 14304 14341 14378 14415 14452 14488 14526 14563 14600 14637 14673 14710 14747 14785 14821 14858 14895 14931 14969 15006 15043 15080 15116 15154 15190 15228 15265 15301 15338 15375 15412 15449 15486 15523 15559 15597 15633 15670 15708 15744 15782 15818 15855 15892 15929 15967 16003 16040 16076 16113 16151 16187 16225 16261 16298 16335 16372 16410 16446 16483 16520 16556 16593 16630 16668 16704 16741 
13122 13159 13195 13233 13269 13306 13343 13381 13418 13454 13491 13528 13564 13602 13639 13676 13712 13749 13786 13823 13861 13897 13934 13971 14008 14045 14082 14119 14156 14192 14229 14266 14304 14340 14378 14414 14451 14488 14524 14562 14599 14636 14673 14709 14747 14784 14821 14857 14894 14931 14967 15005 15043 15079 15116 15152 15190 15226 15264 15301 15337 15375 15411 15449 15485 15522 15559 15595 15633 15670 15707 15744 15780 15818 15854 15892 15929 15965 16003 16039 16076 16112 16150 16187 16223 16261 16297 16334 16372 16409 16446 16482 16519 16556 16592 16630 16667 16704 16740 16777 
13159 13196 13233 13270 13306 13344 13381 13418 13455 13491 13528 13564 13602 13640 13676 13713 13750 13787 13824 13861 13898 13934 13972 14008 14045 14083 14119 14156 14193 14230 14267 14304 14341 14378 14415 14451 14488 14526 14562 14600 14636 14673 14710 14747 14785 14821 14858 14895 14931 14968 15005 15043 15079 15116 15153 15189 15228 15264 15301 15338 15374 15412 15449 15486 15523 15559 15597 15633 15670 15707 15744 15782 15818 15855 15891 15929 15966 16003 16040 16076 16113 16150 16188 16224 16261 16298 16334 16372 16410 16446 16483 16519 16556 16593 16630 16668 16704 16742 16778 16815 
13196 13233 13270 13307 13343 13381 13418 13454 13492 13528 13565 13602 13640 13676 13712 13750 13786 13824 13861 13898 13935 13971 14008 14045 14082 14120 14156 14193 14229 14267 14304 14341 14378 14414 14451 14488 14525 14563 14599 14637 14673 14710 14747 14784 14821 14858 14895 14931 14968 15006 15043 15079 15116 15153 15190 15227 15265 15301 15338 15375 15411 15449 15485 15523 15559 15596 15633 15670 15707 15744 15781 15818 15854 15892 15929 15966 16003 16039 16076 16112 16150 16187 16224 16262 16298 16335 16372 16410 16446 16482 16520 16556 16593 16630 16668 16704 16741 16778 16815 16852 
13233 13270 13306 13344 13381 13418 13454 13491 13528 13564 13602 13639 13676 13713 13749 13787 13823 13861 13898 13934 13972 14007 14045 14082 14119 14156 14192 14230 14266 14304 14341 14377 14415 14451 14488 14525 14562 14600 14636 14673 14709 14747 14784 14821 14858 14894 14931 14968 15005 15043 15079 15116 15153 15189 15227 15264 15301 15337 15374 15412 15449 15486 15522 15559 15596 15632 15670 15707 15744 15781 15818 15854 15891 15929 15965 16003 16039 16076 16113 16149 16187 16224 16261 16298 16334 16372 16409 16446 16482 16519 16556 16592 16630 16668 16704 16741 16777 16815 16851 16889 
13270 13307 13344 13382 13418 13455 13492 13528 13565 13602 13640 13676 13713 13751 13787 13825 13861 13898 13935 13971 14009 14045 14083 14120 14156 14193 14230 14267 14304 14341 14379 14415 14452 14488 14526 14563 14600 14637 14673 14710 14747 14785 14821 14858 14895 14931 14968 15006 15043 15080 15116 15154 15190 15227 15265 15301 15338 15375 15412 15449 15486 15523 15559 15597 15633 15670 15708 15744 15782 15818 15855 15892 15929 15967 16003 16040 16076 16113 16151 16188 16225 16261 16298 16335 16372 16410 16446 16483 16520 16556 16594 16630 16668 16704 16741 16779 16815 16853 16889 16926 
13306 13343 13380 13418 13454 13491 13528 13564 13602 13639 13676 13712 13749 13786 13823 13861 13897 13934 13971 14007 14045 14081 14119 14156 14192 14229 14266 14304 14340 14377 14415 14451 14488 14524 14562 14599 14636 14673 14709 14747 14784 14821 14858 14894 14931 14967 15005 15043 15079 15116 15152 15190 15226 15264 15301 15337 15374 15411 15449 15486 15522 15559 15595 15633 15670 15707 15744 15780 15818 15854 15891 15929 15965 16003 16039 16076 16112 16149 16188 16223 16261 16297 16334 16372 16408 16446 16482 16519 16556 16592 16630 16667 16704 16740 16777 16815 16851 16889 16925 16962 
13344 13382 13418 13455 13491 13528 13565 13602 13640 13676 13714 13750 13787 13824 13861 13898 13934 13972 14009 14045 14083 14119 14156 14193 14230 14267 14304 14342 14378 14415 14452 14488 14526 14562 14600 14637 14673 14710 14747 14785 14821 14858 14895 14931 14969 15005 15043 15080 15116 15154 15189 15228 15265 15301 15338 15374 15412 15449 15486 15523 15559 15597 15633 15670 15707 15744 15782 15818 15855 15892 15929 15966 16003 16040 16076 16113 16150 16188 16225 16261 16298 16334 16372 16410 16446 16483 16519 16556 16593 16630 16668 16704 16742 16778 16815 16853 16889 16926 16962 17000 
13381 13418 13454 13492 13528 13565 13602 13639 13676 13712 13750 13786 13824 13861 13898 13935 13971 14008 14045 14082 14120 14156 14193 14229 14267 14304 14340 14378 14414 14451 14488 14525 14563 14599 14636 14673 14709 14747 14784 14821 14857 14895 14931 14967 15006 15042 15079 15116 15153 15190 15227 15265 15301 15337 15375 15411 15449 15485 15523 15559 15596 15633 15670 15707 15744 15781 15818 15854 15892 15929 15966 16003 16039 16076 16112 16150 16187 16224 16261 16298 16334 16371 16409 16446 16482 16520 16556 16593 16630 16667 16704 16740 16778 16815 16852 16889 16926 16963 16999 17036 
13418 13455 13491 13528 13564 13602 13640 13676 13713 13749 13787 13824 13861 13898 13934 13972 14008 14045 14082 14119 14156 14192 14230 14267 14304 14341 14377 14415 14451 14488 14525 14562 14600 14636 14673 14709 14747 14785 14821 14858 14895 14931 14968 15005 15043 15079 15116 15153 15189 15227 15264 15301 15337 15374 15412 15449 15486 15522 15559 15596 15632 15670 15707 15744 15781 15818 15855 15891 15929 15965 16003 16040 16076 16113 16150 16187 16224 16261 16298 16334 16372 16409 16446 16483 16519 16556 16592 16630 16668 16704 16741 16777 16815 16852 16889 16926 16962 17000 17036 17073 
13455 13492 13528 13565 13602 13640 13676 13713 13750 13786 13824 13861 13898 13935 13971 14009 14045 14083 14120 14156 14193 14230 14267 14304 14341 14379 14415 14452 14488 14525 14563 14599 14637 14673 14710 14747 14785 14821 14858 14895 14931 14968 15006 15043 15080 15116 15153 15190 15227 15265 15301 15338 15375 15412 15449 15486 15523 15559 15596 15633 15670 15708 15744 15782 15818 15855 15892 15929 15966 16003 16040 16076 16113 16151 16187 16225 16261 16298 16335 16372 16410 16446 16483 16520 16556 16593 16630 16668 16704 16741 16779 16815 16852 16889 16926 16963 16999 17037 17073 17111 
13491 13528 13564 13602 13639 13676 13712 13749 13787 13823 13861 13898 13934 13971 14007 14045 14082 14119 14156 14192 14230 14266 14304 14340 14377 14415 14451 14488 14525 14562 14599 14635 14673 14709 14747 14784 14821 14858 14894 14931 14967 15005 15043 15079 15116 15152 15189 15227 15264 15301 15337 15374 15411 15449 15486 15522 15559 15595 15633 15670 15707 15744 15780 15818 15854 15891 15929 15965 16003 16039 16076 16113 16149 16187 16223 16261 16298 16334 16372 16408 16446 16482 16519 16556 16592 16630 16667 16704 16741 16777 16815 16851 16889 16926 16962 16999 17035 17073 17110 17147 
13528 13565 13602 13640 13676 13713 13750 13787 13825 13861 13898 13934 13972 14009 14045 14083 14120 14157 14193 14230 14267 14304 14342 14378 14415 14452 14488 14526 14562 14600 14637 14673 14710 14747 14785 14821 14858 14895 14931 14969 15006 15043 15080 15116 15154 15190 15228 15265 15301 15338 15375 15412 15449 15486 15523 15559 15597 15633 15670 15708 15744 15782 15818 15855 15892 15929 15967 16003 16040 16076 16113 16151 16187 16225 16261 16298 16335 16372 16410 16446 16483 16520 16556 16593 16630 16668 16704 16741 16778 16815 16853 16889 16926 16963 17000 17037 17073 17111 17148 17185 
13564 13602 13639 13676 13712 13750 13786 13823 13861 13897 13934 13971 14008 14045 14082 14120 14156 14193 14230 14266 14304 14340 14378 14414 14451 14488 14524 14562 14599 14636 14673 14709 14747 14784 14821 14857 14894 14931 14967 15005 15042 15079 15116 15152 15190 15226 15264 15301 15337 15375 15411 15449 15485 15522 15559 15595 15633 15670 15707 15744 15781 15818 15854 15892 15929 15965 16003 16039 16076 16112 16150 16187 16224 16261 16297 16334 16372 16409 16446 16482 16519 16556 16592 16630 16667 16704 16740 16778 16815 16852 16889 16925 16962 16999 17036 17073 17110 17148 17184 17221 
13602 13640 13676 13713 13749 13787 13824 13861 13898 13934 13972 14008 14045 14083 14119 14156 14192 14230 14267 14304 14342 14377 14415 14451 14488 14525 14562 14600 14636 14673 14710 14747 14785 14821 14858 14895 14931 14968 15005 15043 15079 15116 15153 15189 15228 15264 15301 15338 15374 15412 15449 15486 15523 15559 15596 15633 15670 15707 15744 15781 15818 15855 15891 15929 15966 16002 16040 16076 16113 16150 16187 16224 16261 16298 16334 16372 16409 16446 16483 16519 16556 16593 16630 16668 16704 16741 16778 16815 16852 16889 16926 16962 17000 17036 17073 17111 17147 17185 17221 17258 
13640 13676 13713 13750 13786 13824 13861 13898 13935 13971 14009 14045 14082 14120 14156 14193 14229 14267 14304 14341 14378 14414 14451 14488 14525 14563 14599 14637 14673 14710 14747 14784 14821 14857 14895 14931 14968 15006 15043 15080 15116 15153 15190 15227 15265 15301 15338 15375 15412 15449 15486 15523 15559 15596 15633 15670 15708 15744 15781 15818 15854 15892 15929 15966 16003 16040 16076 16112 16151 16187 16224 16261 16298 16335 16372 16410 16446 16482 16520 16556 16593 16630 16668 16704 16741 16778 16815 16852 16889 16926 16963 16999 17037 17073 17110 17148 17184 17221 17258 17295 
13676 13713 13749 13787 13823 13861 13898 13934 13971 14007 14045 14082 14119 14156 14192 14230 14266 14304 14341 14377 14415 14451 14488 14525 14562 14599 14635 14673 14709 14747 14784 14821 14858 14894 14931 14968 15005 15043 15079 15116 15153 15189 15227 15264 15301 15337 15374 15412 15449 15486 15522 15559 15596 15632 15670 15707 15744 15781 15818 15854 15891 15929 15965 16003 16039 16076 16113 16149 16187 16224 16261 16298 16334 16372 16409 16446 16482 16519 16556 16592 16630 16667 16704 16741 16777 16815 16851 16889 16926 16962 17000 17035 17073 17110 17147 17184 17220 17258 17294 17332 
13713 13750 13787 13825 13861 13898 13935 13972 14009 14045 14083 14120 14156 14193 14230 14267 14304 14342 14378 14415 14452 14488 14526 14563 14600 14637 14673 14710 14747 14785 14821 14858 14895 14931 14969 15006 15043 15080 15116 15154 15190 15228 15265 15301 15339 15375 15412 15449 15486 15523 15559 15597 15633 15670 15708 15744 15782 15818 15855 15892 15929 15967 16003 16040 16076 16113 16151 16188 16225 16261 16298 16335 16372 16410 16446 16483 16520 16556 16594 16630 16668 16704 16741 16779 16815 16853 16889 16926 16963 17000 17037 17073 17111 17148 17184 17222 17258 17295 17332 17370 
13749 13786 13823 13861 13897 13934 13971 14008 14045 14081 14119 14156 14192 14230 14266 14304 14340 14377 14414 14451 14488 14524 14562 14599 14636 14673 14709 14747 14784 14821 14857 14894 14931 14967 15005 15043 15079 15116 15152 15190 15226 15264 15301 15337 15375 15411 15449 15485 15522 15559 15595 15633 15670 15707 15744 15780 15818 15854 15891 15929 15965 16003 16039 16076 16112 16149 16187 16223 16261 16297 16334 16372 16408 16446 16482 16519 16556 16592 16630 16667 16704 16740 16777 16815 16851 16889 16925 16962 16999 17036 17073 17110 17147 17184 17221 17258 17294 17332 17368 17406 
13787 13824 13861 13898 13934 13972 14008 14045 14083 14119 14156 14193 14230 14267 14304 14342 14378 14415 14451 14488 14526 14562 14600 14636 14673 14710 14747 14785 14821 14858 14895 14931 14969 15005 15043 15079 15116 15154 15189 15228 15264 15301 15338 15374 15412 15449 15486 15523 15559 15597 15633 15670 15707 15744 15782 15818 15855 15892 15929 15966 16003 16040 16076 16113 16150 16187 16225 16261 16298 16334 16372 16410 16446 16483 16519 16556 16593 16630 16668 16704 16741 16778 16815 16852 16889 16926 16962 17000 17037 17073 17111 17147 17185 17221 17258 17295 17332 17370 17406 17443 
13824 13861 13898 13935 13971 14008 14045 14082 14120 14156 14193 14229 14267 14304 14340 14378 14414 14451 14488 14525 14563 14599 14637 14673 14709 14747 14784 14821 14857 14895 14931 14968 15006 15043 15079 15116 15153 15190 15226 15265 15301 15338 15375 15411 15449 15485 15523 15559 15596 15633 15670 15707 15744 15781 15818 15854 15892 15929 15966 16003 16039 16076 16112 16150 16187 16224 16261 16298 16335 16372 16409 16446 16482 16520 16556 16593 16630 16668 16704 16740 16778 16815 16852 16889 16926 16963 16999 17036 17073 17110 17148 17184 17221 17258 17295 17332 17369 17406 17443 17479 
13861 13898 13934 13972 14008 14045 14082 14119 14156 14192 14230 14267 14304 14341 14377 14415 14451 14488 14525 14562 14600 14636 14673 14709 14747 14785 14821 14858 14894 14931 14968 15005 15043 15079 15116 15153 15189 15227 15264 15301 15337 15374 15412 15449 15486 15522 15559 15596 15632 15670 15707 15744 15781 15818 15855 15891 15929 15965 16003 16040 16076 16113 16150 16187 16224 16261 16298 16334 16372 16409 16446 16483 16519 16556 16592 16630 16668 16704 16741 16777 16815 16852 16889 16926 16962 17000 17036 17073 17110 17147 17185 17220 17258 17295 17332 17369 17405 17443 17479 17516 
13898 13935 13971 14009 14045 14083 14120 14156 14194 14229 14267 14304 14341 14379 14415 14452 14488 14525 14563 14599 14637 14673 14710 14747 14785 14821 14858 14895 14931 14968 15006 15043 15080 15116 15153 15190 15227 15265 15301 15338 15375 15412 15449 15486 15523 15559 15597 15633 15670 15708 15744 15782 15818 15855 15892 15929 15966 16003 16040 16076 16113 16151 16187 16225 16261 16298 16335 16372 16410 16446 16483 16520 16556 16594 16630 16668 16704 16741 16779 16815 16853 16890 16926 16963 16999 17037 17073 17111 17148 17184 17222 17258 17295 17332 17369 17407 17443 17480 17516 17553 
13934 13971 14007 14045 14081 14119 14156 14192 14230 14266 14304 14340 14377 14415 14451 14488 14524 14562 14599 14635 14673 14709 14747 14784 14821 14858 14894 14931 14967 15005 15043 15079 15116 15152 15190 15227 15264 15301 15337 15374 15411 15449 15486 15522 15559 15595 15633 15670 15707 15744 15780 15818 15854 15891 15929 15965 16003 16039 16076 16113 16149 16188 16223 16261 16298 16334 16372 16408 16446 16482 16519 16556 16592 16630 16667 16704 16740 16777 16815 16851 16889 16926 16962 16999 17035 17073 17110 17147 17184 17220 17258 17294 17332 17369 17405 17443 17479 17516 17553 17590 
13972 14009 14045 14083 14120 14157 14193 14230 14267 14304 14342 14378 14415 14452 14488 14526 14562 14600 14637 14673 14710 14747 14785 14821 14858 14895 14931 14969 15005 15043 15080 15116 15153 15190 15228 15265 15301 15338 15374 15412 15449 15486 15523 15559 15597 15633 15670 15707 15744 15782 15818 15855 15892 15929 15966 16003 16040 16076 16113 16151 16188 16225 16261 16298 16335 16372 16410 16446 16483 16520 16556 16593 16630 16668 16704 16742 16778 16815 16853 16889 16926 16963 17000 17037 17073 17111 17148 17185 17221 17258 17295 17332 17370 17406 17443 17480 17516 17554 17591 17628 
14008 14045 14082 14120 14156 14193 14229 14266 14304 14340 14378 14414 14451 14488 14525 14563 14599 14636 14673 14709 14747 14784 14821 14857 14894 14931 14967 15005 15042 15079 15116 15153 15190 15226 15264 15301 15337 15375 15411 15449 15485 15522 15559 15596 15633 15670 15707 15744 15781 15818 15854 15892 15929 15965 16003 16039 16076 16112 16150 16187 16224 16261 16297 16334 16372 16409 16446 16482 16520 16556 16592 16630 16667 16704 16740 16778 16814 16852 16889 16925 16962 16999 17036 17073 17110 17148 17184 17221 17258 17294 17332 17368 17406 17443 17479 17516 17553 17591 17627 17664 
14045 14082 14119 14156 14192 14230 14267 14304 14341 14377 14415 14451 14488 14525 14562 14600 14636 14673 14710 14747 14785 14821 14858 14895 14931 14968 15005 15043 15079 15116 15153 15189 15228 15264 15301 15338 15374 15412 15449 15486 15523 15559 15596 15633 15670 15707 15744 15781 15818 15855 15891 15929 15966 16002 16040 16076 16113 16150 16187 16224 16261 16298 16334 16372 16409 16446 16483 16519 16556 16592 16630 16668 16704 16741 16777 16815 16852 16889 16926 16962 17000 17036 17073 17111 17147 17185 17221 17258 17295 17332 17370 17405 17443 17479 17516 17553 17590 17628 17664 17701 
14082 14120 14156 14193 14230 14267 14304 14341 14378 14415 14452 14488 14525 14563 14599 14637 14673 14710 14747 14784 14821 14857 14895 14931 14968 15006 15043 15080 15116 15153 15190 15227 15265 15301 15338 15375 15412 15449 15486 15523 15559 15596 15633 15670 15708 15744 15781 15818 15854 15892 15929 15966 16003 16040 16076 16113 16151 16187 16224 16261 16298 16335 16372 16410 16446 16483 16520 16556 16593 16630 16668 16704 16741 16778 16815 16852 16889 16926 16963 16999 17037 17073 17111 17148 17184 17221 17258 17295 17332 17369 17407 17443 17480 17516 17553 17591 17627 17665 17701 17738 
14119 14156 14192 14230 14266 14304 14340 14377 14415 14451 14488 14525 14562 14599 14635 14673 14709 14747 14784 14821 14858 14894 14931 14968 15005 15043 15079 15116 15153 15189 15227 15264 15301 15337 15374 15411 15449 15486 15522 15559 15596 15632 15670 15707 15744 15780 15818 15854 15891 15929 15965 16003 16039 16076 16113 16149 16188 16224 16261 16298 16334 16372 16409 16446 16482 16519 16556 16592 16630 16667 16704 16741 16777 16815 16851 16889 16926 16962 16999 17036 17073 17110 17147 17184 17220 17258 17294 17332 17369 17405 17443 17479 17516 17553 17590 17628 17664 17701 17737 17775 
14156 14193 14230 14267 14304 14342 14378 14415 14452 14488 14526 14563 14600 14637 14673 14710 14747 14785 14821 14858 14895 14931 14969 15006 15043 15080 15116 15154 15190 15228 15265 15301 15338 15375 15412 15449 15486 15523 15559 15597 15633 15670 15708 15744 15782 15818 15855 15892 15929 15967 16003 16040 16076 16113 16151 16187 16225 16261 16298 16335 16372 16410 16446 16483 16520 16556 16594 16630 16668 16704 16741 16778 16815 16853 16889 16926 16963 17000 17037 17073 17111 17148 17185 17221 17258 17295 17332 17369 17406 17443 17480 17516 17554 17591 17628 17665 17701 17738 17775 17813 
14192 14230 14266 14304 14340 14378 14414 14451 14488 14524 14562 14599 14636 14673 14709 14747 14784 14821 14857 14894 14931 14967 15005 15042 15079 15116 15152 15190 15226 15264 15301 15337 15375 15411 15449 15485 15522 15559 15595 15633 15670 15707 15744 15780 15818 15854 15891 15929 15965 16003 16039 16076 16112 16150 16187 16224 16261 16297 16334 16372 16409 16446 16482 16519 16556 16592 16630 16667 16704 16740 16777 16815 16851 16889 16925 16962 16999 17036 17073 17110 17148 17184 17221 17258 17294 17332 17368 17406 17443 17479 17516 17552 17590 17627 17664 17701 17737 17775 17812 17849 
14230 14267 14304 14342 14378 14415 14451 14488 14525 14562 14600 14636 14673 14710 14747 14785 14821 14858 14895 14931 14969 15005 15043 15079 15116 15153 15189 15228 15264 15301 15338 15374 15412 15449 15486 15523 15559 15597 15633 15670 15707 15744 15782 15818 15855 15892 15929 15966 16003 16040 16076 16113 16150 16187 16225 16261 16298 16334 16372 16410 16446 16483 16519 16556 16593 16630 16668 16704 16741 16778 16815 16852 16889 16926 16962 17000 17037 17073 17111 17147 17185 17221 17258 17295 17332 17370 17406 17443 17479 17516 17554 17590 17628 17665 17701 17738 17775 17813 17849 17886 
14267 14304 14341 14378 14414 14451 14488 14525 14563 14599 14637 14673 14709 14747 14784 14821 14857 14895 14931 14968 15006 15043 15079 15116 15153 15190 15227 15265 15301 15338 15375 15411 15449 15485 15523 15559 15596 15633 15670 15707 15744 15781 15818 15854 15892 15929 15966 16003 16039 16076 16112 16150 16187 16224 16261 16298 16335 16372 16409 16446 16482 16520 16556 16593 16630 16668 16704 16740 16778 16815 16852 16889 16926 16963 16999 17037 17073 17110 17148 17184 17221 17258 17295 17332 17369 17406 17443 17479 17516 17553 17591 17627 17665 17701 17738 17776 17812 17849 17886 17923 
14304 14341 14377 14415 14451 14488 14525 14562 14600 14636 14673 14709 14747 14785 14821 14858 14894 14931 14968 15005 15043 15079 15116 15153 15189 15227 15264 15301 15337 15374 15412 15449 15486 15522 15559 15596 15633 15670 15707 15744 15781 15818 15854 15891 15929 15965 16003 16039 16076 16113 16149 16187 16224 16261 16298 16334 16372 16409 16446 16482 16519 16556 16592 16630 16668 16704 16741 16777 16815 16852 16889 16926 16962 17000 17036 17073 17110 17147 17184 17220 17258 17295 17332 17369 17405 17443 17479 17516 17553 17590 17628 17664 17701 17737 17775 17813 17849 17886 17922 17959 
14341 14378 14415 14452 14488 14525 14563 14600 14637 14673 14710 14747 14785 14821 14858 14895 14931 14969 15006 15043 15080 15116 15153 15190 15227 15265 15301 15338 15375 15412 15449 15486 15523 15559 15597 15633 15670 15708 15744 15782 15818 15855 15892 15929 15967 16003 16040 16076 16113 16151 16187 16225 16261 16298 16335 16372 16410 16446 16483 16520 16556 16594 16630 16668 16704 16741 16779 16815 16853 16889 16926 16963 16999 17037 17073 17111 17148 17184 17222 17258 17295 17332 17369 17407 17443 17480 17516 17554 17591 17628 17665 17701 17738 17775 17813 17850 17886 17923 17959 17996 
14377 14415 14451 14488 14524 14562 14599 14636 14673 14709 14747 14784 14821 14858 14894 14931 14967 15005 15043 15079 15116 15152 15189 15227 15264 15301 15337 15374 15411 15449 15486 15522 15559 15595 15633 15670 15707 15744 15780 15818 15854 15891 15929 15965 16003 16039 16076 16112 16149 16187 16223 16261 16298 16334 16372 16408 16446 16482 16519 16556 16592 16630 16667 16704 16741 16777 16815 16851 16889 16926 16962 16999 17035 17073 17110 17147 17184 17220 17258 17294 17332 17368 17405 17443 17479 17516 17553 17590 17627 17664 17701 17737 17775 17812 17849 17886 17922 17959 17995 18033 
14415 14452 14488 14526 14562 14600 14637 14673 14710 14747 14785 14821 14858 14895 14931 14969 15005 15043 15080 15116 15153 15189 15228 15265 15301 15338 15374 15412 15449 15486 15523 15559 15597 15633 15670 15707 15744 15782 15818 15855 15892 15929 15966 16002 16040 16076 16113 16151 16188 16225 16261 16298 16334 16372 16410 16446 16483 16519 16556 16593 16630 16668 16704 16742 16778 16815 16853 16889 16926 16962 17000 17037 17073 17111 17148 17185 17221 17258 17295 17332 17370 17406 17443 17480 17516 17554 17590 17628 17665 17701 17738 17775 17813 17849 17886 17923 17959 17997 18033 18071 
14451 14488 14525 14563 14599 14636 14673 14709 14747 14784 14821 14857 14895 14931 14967 15006 15042 15079 15116 15153 15190 15226 15264 15301 15337 15375 15411 15449 15485 15523 15559 15596 15633 15670 15707 15744 15781 15818 15854 15892 15929 15965 16003 16039 16076 16112 16150 16187 16224 16261 16298 16334 16371 16409 16446 16482 16520 16556 16593 16630 16667 16704 16740 16778 16815 16852 16889 16926 16963 16999 17036 17073 17110 17148 17184 17221 17258 17295 17332 17368 17406 17443 17479 17516 17553 17591 17627 17664 17701 17737 17775 17812 17849 17886 17923 17959 17995 18034 18071 18107 
14488 14525 14562 14600 14636 14673 14709 14747 14785 14821 14858 14895 14931 14968 15005 15043 15079 15116 15153 15189 15227 15264 15301 15337 15374 15412 15449 15486 15522 15559 15596 15632 15670 15707 15744 15781 15818 15855 15891 15929 15965 16002 16040 16076 16113 16150 16188 16224 16261 16298 16334 16372 16409 16446 16483 16519 16556 16592 16630 16668 16704 16741 16777 16815 16852 16889 16926 16962 17000 17036 17073 17110 17147 17185 17221 17258 17295 17332 17369 17405 17443 17479 17516 17553 17590 17628 17664 17701 17738 17775 17813 17849 17886 17923 17959 17996 18033 18071 18107 18144 
14525 14563 14599 14637 14673 14710 14747 14785 14821 14858 14895 14931 14968 15006 15043 15080 15116 15153 15190 15227 15265 15301 15338 15375 15412 15449 15486 15523 15559 15596 15633 15670 15708 15744 15782 15818 15855 15892 15929 15966 16003 16040 16076 16113 16151 16187 16224 16262 16298 16335 16372 16410 16446 16483 16520 16556 16593 16630 16668 16704 16741 16779 16815 16853 16889 16926 16963 16999 17037 17073 17111 17148 17184 17222 17258 17295 17332 17369 17407 17443 17480 17516 17553 17591 17627 17665 17701 17738 17776 17813 17850 17886 17923 17959 17996 18034 18071 18108 18144 18181 
14562 14599 14635 14673 14709 14747 14784 14821 14858 14894 14931 14967 15005 15043 15079 15116 15152 15189 15227 15264 15301 15337 15374 15411 15449 15486 15522 15559 15595 15633 15670 15707 15744 15780 15818 15854 15891 15929 15965 16003 16039 16076 16113 16149 16188 16223 16261 16298 16334 16372 16408 16446 16482 16519 16556 16592 16630 16667 16704 16741 16777 16815 16851 16889 16926 16962 16999 17035 17073 17110 17147 17184 17220 17258 17294 17332 17369 17405 17443 17479 17516 17553 17590 17627 17663 17701 17737 17775 17812 17849 17886 17922 17959 17995 18033 18071 18107 18144 18181 18218 
14600 14637 14673 14710 14747 14785 14821 14858 14895 14931 14969 15006 15043 15080 15116 15154 15190 15228 15265 15301 15339 15375 15412 15449 15486 15523 15559 15597 15633 15670 15708 15744 15782 15818 15855 15892 15929 15966 16003 16040 16076 16113 16151 16188 16225 16261 16298 16335 16372 16410 16446 16483 16520 16556 16593 16630 16668 16704 16742 16778 16815 16853 16889 16926 16963 17000 17037 17073 17111 17148 17184 17221 17258 17295 17332 17370 17406 17443 17480 17516 17554 17591 17628 17665 17701 17738 17775 17813 17849 17886 17923 17959 17997 18034 18071 18108 18144 18182 18218 18256 
14636 14673 14709 14747 14784 14821 14857 14894 14931 14967 15005 15042 15079 15116 15152 15190 15226 15264 15301 15337 15375 15411 15449 15485 15522 15559 15595 15633 15670 15707 15744 15780 15818 15854 15892 15929 15965 16003 16039 16076 16112 16150 16187 16224 16261 16297 16334 16372 16409 16446 16482 16519 16556 16592 16630 16667 16704 16740 16778 16815 16851 16889 16925 16962 16999 17036 17073 17110 17148 17184 17221 17258 17294 17332 17368 17406 17443 17479 17516 17553 17590 17627 17664 17701 17737 17775 17812 17849 17886 17922 17959 17995 18033 18071 18107 18144 18180 18218 18255 18292 
14673 14710 14747 14785 14821 14858 14895 14931 14968 15005 15043 15079 15116 15153 15189 15228 15264 15301 15338 15374 15412 15449 15486 15523 15559 15596 15633 15670 15707 15744 15782 15818 15855 15891 15929 15966 16003 16040 16076 16113 16150 16187 16224 16261 16298 16334 16372 16410 16446 16483 16519 16556 16593 16630 16668 16704 16741 16778 16815 16852 16889 16926 16962 17000 17036 17073 17111 17147 17185 17221 17258 17295 17332 17370 17406 17443 17479 17516 17554 17590 17628 17664 17701 17738 17775 17813 17849 17886 17923 17959 17997 18033 18071 18107 18144 18182 18218 18256 18292 18329 
14710 14747 14784 14821 14857 14895 14931 14968 15006 15043 15080 15116 15153 15190 15227 15265 15301 15338 15375 15412 15449 15486 15523 15559 15596 15633 15670 15708 15744 15781 15818 15854 15892 15929 15966 16003 16040 16076 16112 16151 16187 16224 16261 16298 16335 16372 16410 16446 16482 16520 16556 16593 16630 16668 16704 16741 16778 16815 16852 16889 16926 16963 16999 17037 17073 17110 17148 17184 17221 17258 17295 17332 17369 17407 17443 17479 17516 17553 17591 17627 17665 17701 17738 17775 17812 17849 17886 17923 17959 17996 18034 18071 18108 18144 18181 18218 18255 18293 18329 18366 
14747 14784 14821 14858 14894 14931 14968 15005 15043 15079 15116 15153 15189 15227 15264 15301 15337 15374 15412 15449 15486 15522 15559 15596 15632 15670 15707 15744 15781 15818 15854 15891 15929 15965 16003 16039 16076 16113 16149 16187 16224 16261 16298 16334 16372 16409 16446 16482 16519 16556 16592 16630 16667 16704 16741 16777 16815 16851 16889 16926 16962 17000 17036 17073 17110 17147 17184 17220 17258 17294 17332 17369 17405 17443 17479 17516 17553 17590 17628 17664 17701 17737 17775 17813 17849 17886 17922 17959 17996 18033 18071 18107 18144 18181 18217 18255 18292 18329 18365 18402 
14785 14821 14858 14895 14931 14969 15006 15043 15080 15116 15153 15190 15227 15265 15301 15338 15375 15412 15449 15486 15523 15559 15597 15633 15670 15708 15744 15782 15818 15855 15892 15929 15967 16003 16040 16076 16113 16151 16187 16225 16261 16298 16335 16372 16410 16446 16483 16520 16556 16594 16630 16668 16704 16741 16779 16815 16853 16889 16926 16963 17000 17037 17073 17111 17148 17184 17222 17258 17295 17332 17369 17407 17443 17480 17516 17554 17591 17628 17665 17701 17738 17775 17813 17850 17886 17923 17959 17997 18034 18071 18108 18144 18182 18218 18255 18293 18329 18367 18403 18440 
14821 14857 14894 14931 14967 15005 15042 15079 15116 15152 15189 15226 15264 15301 15337 15375 15411 15449 15486 15522 15559 15595 15633 15670 15707 15744 15780 15818 15854 15891 15929 15965 16003 16039 16076 16112 16149 16187 16223 16261 16297 16334 16372 16408 16446 16482 16519 16556 16592 16630 16667 16704 16740 16777 16815 16851 16889 16925 16962 16999 17036 17073 17110 17147 17184 17221 17258 17294 17332 17368 17405 17443 17479 17516 17552 17590 17627 17664 17701 17737 17775 17812 17849 17886 17922 17959 17995 18033 18071 18107 18144 18180 18218 18255 18292 18329 18365 18403 18439 18476 
14858 14895 14931 14969 15005 15043 15079 15116 15153 15189 15228 15265 15301 15338 15374 15412 15449 15486 15523 15559 15597 15633 15670 15707 15744 15782 15818 15855 15892 15929 15966 16003 16040 16076 16113 16150 16188 16225 16261 16298 16334 16372 16410 16446 16483 16519 16556 16593 16630 16668 16704 16741 16778 16815 16853 16889 16926 16962 17000 17037 17073 17111 17147 17185 17221 17258 17295 17332 17370 17406 17443 17480 17516 17554 17590 17628 17665 17701 17738 17775 17813 17849 17886 17923 17959 17997 18033 18071 18108 18144 18182 18218 18256 18293 18329 18366 18402 18440 18476 18514 
14895 14931 14968 15006 15042 15079 15116 15153 15190 15227 15265 15301 15337 15375 15411 15449 15485 15523 15559 15596 15633 15670 15707 15744 15781 15818 15854 15892 15929 15966 16003 16039 16076 16112 16150 16187 16224 16261 16298 16334 16372 16409 16446 16482 16520 16556 16593 16630 16668 16704 16740 16778 16815 16852 16890 16926 16963 16999 17036 17073 17110 17148 17184 17221 17258 17295 17332 17368 17406 17443 17479 17516 17553 17591 17627 17664 17701 17737 17775 17812 17849 17886 17923 17959 17996 18034 18071 18107 18144 18181 18218 18255 18293 18329 18365 18403 18439 18476 18513 18551 
