P2
100 2000
65535
13408 13427 13446 13465 13483 13501 13520 13538 13557 13575 13593 13612 13630 13648 13666 13686 13704 13723 13741 13760 13778 13796 13815 13833 13851 13870 13888 13907 13925 13944 13962 13981 14000 14018 14036 14055 14073 14092 14110 14129 14147 14165 14184 14202 14220 14239 14258 14276 14295 14314 14332 14350 14368 14387 14405 14423 14442 14460 14479 14498 14517 14535 14553 14572 14590 14608 14627 14645 14664 14682 14700 14719 14737 14756 14775 14793 14812 14830 14848 14867 14885 14904 14922 14941 14959 14977 14995 15014 15033 15051 15070 15088 15107 15125 15144 15162 15180 15199 15217 15235 
13427 13446 13464 13483 13501 13520 13538 13556 13575 13593 13612 13630 13648 13667 13685 13705 13723 13741 13760 13778 13797 13815 13833 13851 13870 13888 13907 13925 13943 13962 13981 13999 14018 14036 14055 14073 14091 14110 14128 14147 14165 14183 14202 14220 14239 14258 14276 14295 14313 14332 14350 14368 14387 14405 14424 14442 14460 14478 14497 14517 14535 14553 14571 14590 14608 14627 14645 14663 14682 14700 14719 14737 14756 14775 14793 14812 14830 14848 14867 14885 14904 14922 14940 14959 14977 14995 15014 15033 15052 15070 15088 15106 15125 15144 15162 15180 15198 15217 15235 15254 
13446 13465 13483 13502 13520 13538 13557 13575 13594 13612 13630 13648 13667 13686 13705 13723 13741 13760 13778 13796 13815 13833 13852 13870 13889 13907 13925 13944 13962 13981 14000 14018 14037 14055 14073 14092 14110 14129 14147 14165 14184 14202 14220 14239 14259 14276 14295 14313 14332 14350 14368 14387 14405 14424 14442 14460 14479 14498 14517 14535 14553 14572 14590 14609 14627 14645 14664 14682 14701 14719 14737 14756 14775 14794 14812 14830 14848 14867 14886 14904 14922 14940 14959 14977 14995 15014 15033 15052 15070 15088 15107 15125 15144 15162 15180 15199 15217 15236 15254 15273 
13464 13483 13501 13520 13538 13556 13575 13593 13612 13630 13648 13666 13685 13705 13723 13741 13759 13778 13796 13815 13833 13851 13870 13888 13907 13925 13943 13962 13981 14000 14018 14036 14055 14073 14092 14110 14128 14147 14165 14183 14202 14220 14239 14258 14276 14294 14313 14332 14350 14368 14386 14405 14423 14442 14460 14478 14498 14516 14535 14553 14571 14590 14608 14627 14645 14663 14682 14700 14719 14737 14756 14775 14793 14812 14830 14848 14867 14885 14904 14922 14940 14959 14977 14995 15014 15033 15051 15070 15088 15106 15125 15143 15162 15180 15198 15217 15235 15254 15272 15291 
13483 13502 13520 13538 13556 13575 13593 13612 13630 13648 13667 13686 13705 13723 13741 13760 13778 13797 13815 13833 13852 13870 13889 13907 13925 13944 13962 13981 14000 14018 14037 14055 14073 14092 14110 14129 14147 14165 14183 14202 14220 14239 14258 14276 14295 14313 14332 14350 14368 14387 14405 14424 14442 14460 14479 14497 14517 14535 14553 14572 14590 14609 14627 14645 14664 14682 14701 14719 14737 14756 14775 14793 14812 14830 14848 14867 14885 14904 14922 14940 14959 14977 14996 15014 15033 15052 15070 15089 15107 15125 15144 15162 15181 15199 15217 15236 15254 15273 15291 15310 
13501 13520 13538 13557 13575 13593 13612 13630 13648 13666 13686 13704 13723 13741 13760 13778 13796 13815 13833 13851 13870 13888 13907 13925 13943 13962 13981 14000 14018 14036 14055 14073 14092 14110 14128 14147 14165 14184 14202 14220 14239 14258 14276 14295 14313 14332 14350 14368 14387 14405 14423 14442 14460 14478 14498 14516 14535 14553 14572 14590 14608 14627 14645 14663 14682 14700 14719 14737 14756 14775 14793 14812 14830 14848 14866 14885 14904 14922 14940 14959 14977 14995 15014 15033 15051 15070 15088 15107 15125 15143 15162 15180 15199 15217 15235 15254 15272 15291 15310 15328 
13520 13538 13556 13575 13593 13612 13630 13648 13667 13685 13705 13723 13741 13760 13778 13797 13815 13833 13852 13870 13889 13907 13925 13944 13962 13981 14000 14018 14036 14055 14073 14091 14110 14128 14147 14165 14183 14202 14220 14239 14258 14276 14295 14313 14332 14350 14368 14387 14405 14424 14442 14460 14478 14497 14517 14535 14553 14572 14590 14608 14627 14645 14663 14682 14700 14719 14737 14756 14775 14793 14812 14830 14848 14867 14885 14904 14922 14940 14959 14977 14995 15014 15033 15052 15070 15089 15107 15125 15144 15162 15180 15198 15217 15235 15254 15273 15291 15310 15328 15347 
13538 13557 13575 13593 13612 13630 13648 13667 13686 13705 13723 13741 13760 13778 13796 13815 13833 13852 13870 13888 13907 13925 13944 13962 13981 14000 14018 14037 14055 14073 14092 14110 14129 14147 14165 14184 14202 14220 14239 14258 14276 14295 14314 14332 14350 14368 14387 14405 14423 14442 14460 14479 14498 14517 14535 14553 14572 14590 14608 14627 14645 14664 14682 14701 14719 14737 14756 14775 14793 14812 14830 14848 14867 14886 14904 14922 14940 14959 14977 14995 15014 15033 15052 15070 15088 15107 15125 15144 15162 15180 15199 15217 15236 15254 15272 15292 15310 15329 15347 15365 
13556 13575 13593 13612 13630 13648 13666 13685 13705 13723 13741 13760 13778 13796 13814 13833 13851 13870 13888 13907 13925 13943 13962 13981 13999 14018 14036 14055 14073 14091 14110 14128 14147 14165 14183 14202 14220 14239 14258 14276 14295 14313 14332 14350 14368 14386 14405 14423 14442 14460 14478 14497 14516 14535 14553 14571 14590 14608 14627 14645 14663 14682 14700 14719 14737 14756 14775 14793 14812 14830 14848 14867 14885 14904 14922 14940 14959 14977 14995 15014 15033 15051 15070 15088 15106 15125 15143 15162 15180 15198 15217 15235 15254 15272 15291 15310 15328 15347 15365 15383 
13575 13593 13612 13630 13648 13667 13686 13705 13723 13741 13760 13778 13797 13815 13833 13852 13870 13889 13907 13925 13944 13962 13981 14000 14018 14037 14055 14074 14092 14110 14129 14147 14166 14184 14202 14220 14239 14259 14276 14295 14313 14332 14350 14368 14387 14405 14424 14442 14460 14479 14498 14517 14535 14553 14572 14590 14609 14627 14645 14664 14682 14701 14719 14737 14756 14775 14794 14812 14830 14848 14867 14886 14904 14922 14940 14959 14977 14995 15014 15033 15052 15070 15089 15107 15125 15144 15162 15181 15199 15217 15236 15254 15273 15292 15310 15329 15347 15366 15384 15402 
13593 13612 13630 13648 13666 13685 13704 13723 13741 13759 13778 13796 13815 13833 13851 13870 13888 13907 13925 13943 13962 13981 14000 14018 14036 14055 14073 14092 14110 14128 14147 14165 14184 14202 14220 14239 14258 14276 14294 14313 14332 14350 14368 14387 14405 14423 14442 14460 14478 14498 14516 14535 14553 14571 14590 14608 14627 14645 14663 14682 14700 14719 14737 14756 14775 14793 14812 14830 14848 14866 14885 14904 14922 14940 14958 14977 14995 15014 15033 15051 15070 15088 15107 15125 15143 15162 15180 15199 15217 15235 15254 15272 15291 15310 15328 15347 15365 15384 15402 15420 
13612 13630 13648 13667 13685 13705 13723 13741 13760 13778 13797 13815 13833 13852 13870 13889 13907 13925 13944 13962 13981 14000 14018 14036 14055 14073 14091 14110 14128 14147 14165 14183 14202 14220 14239 14258 14276 14295 14313 14332 14350 14368 14387 14405 14424 14442 14460 14479 14497 14517 14535 14553 14572 14590 14609 14627 14645 14663 14682 14701 14719 14737 14756 14775 14793 14812 14830 14848 14867 14885 14904 14922 14940 14959 14977 14996 15014 15033 15052 15070 15089 15107 15125 15144 15162 15181 15199 15217 15235 15254 15273 15291 15310 15328 15347 15365 15383 15402 15420 15439 
13630 13648 13667 13686 13705 13723 13741 13760 13778 13796 13815 13833 13852 13870 13888 13907 13925 13944 13962 13981 14000 14018 14036 14055 14073 14092 14110 14129 14147 14165 14184 14202 14220 14239 14258 14276 14295 14314 14332 14350 14368 14387 14405 14423 14442 14460 14479 14498 14517 14535 14553 14572 14590 14608 14627 14645 14664 14682 14700 14719 14737 14756 14775 14793 14812 14830 14848 14867 14885 14904 14922 14941 14959 14977 14995 15014 15033 15051 15070 15088 15107 15125 15144 15162 15180 15199 15217 15235 15254 15272 15292 15310 15329 15347 15365 15384 15402 15420 15439 15457 
13648 13667 13685 13705 13723 13741 13760 13778 13797 13815 13833 13851 13870 13888 13906 13925 13943 13962 13981 13999 14018 14036 14055 14073 14091 14110 14128 14147 14165 14183 14202 14220 14239 14258 14276 14295 14313 14332 14350 14368 14387 14405 14424 14442 14460 14478 14497 14517 14535 14553 14571 14590 14608 14627 14645 14663 14682 14700 14719 14737 14756 14775 14793 14812 14830 14848 14867 14885 14904 14922 14940 14959 14977 14995 15014 15033 15051 15070 15088 15106 15125 15143 15162 15180 15198 15217 15235 15254 15272 15291 15310 15328 15347 15365 15383 15402 15420 15439 15457 15475 
13667 13686 13705 13723 13741 13760 13778 13797 13815 13833 13852 13870 13889 13907 13925 13944 13962 13981 14000 14018 14037 14055 14074 14092 14110 14129 14147 14165 14184 14202 14220 14239 14259 14276 14295 14314 14332 14350 14368 14387 14405 14424 14442 14460 14479 14498 14517 14535 14553 14572 14590 14609 14627 14645 14664 14682 14701 14719 14737 14756 14775 14794 14812 14830 14848 14867 14886 14904 14922 14940 14959 14977 14995 15014 15033 15052 15070 15088 15107 15125 15144 15162 15180 15199 15217 15236 15254 15273 15292 15310 15329 15347 15365 15384 15402 15421 15439 15457 15475 15494 
13685 13705 13723 13741 13759 13778 13796 13815 13833 13851 13870 13888 13907 13925 13943 13962 13981 14000 14018 14036 14055 14073 14092 14110 14128 14147 14165 14184 14202 14220 14239 14258 14276 14294 14313 14332 14350 14368 14386 14405 14423 14442 14460 14478 14498 14516 14535 14553 14571 14590 14608 14627 14645 14663 14682 14700 14719 14737 14756 14775 14793 14812 14830 14848 14866 14885 14904 14921 14940 14959 14977 14995 15014 15033 15051 15070 15088 15106 15125 15143 15162 15180 15198 15217 15235 15254 15272 15291 15310 15328 15347 15365 15383 15402 15420 15439 15457 15475 15493 15512 
13705 13723 13741 13760 13778 13797 13815 13833 13852 13870 13889 13907 13925 13944 13962 13981 14000 14018 14037 14055 14073 14092 14110 14129 14147 14165 14183 14202 14220 14239 14258 14276 14295 14313 14332 14350 14368 14387 14405 14424 14442 14460 14479 14497 14517 14535 14553 14572 14590 14609 14627 14645 14663 14682 14701 14719 14737 14756 14775 14793 14812 14830 14848 14867 14885 14904 14922 14940 14959 14977 14996 15014 15033 15052 15070 15089 15107 15125 15144 15162 15181 15199 15217 15236 15254 15273 15291 15310 15329 15347 15365 15383 15402 15420 15439 15457 15475 15494 15512 15531 
13723 13741 13760 13778 13796 13815 13833 13851 13870 13888 13907 13925 13944 13962 13981 14000 14018 14036 14055 14073 14092 14110 14129 14147 14165 14184 14202 14220 14239 14258 14276 14295 14313 14332 14350 14368 14387 14405 14423 14442 14460 14478 14498 14516 14535 14553 14572 14590 14608 14627 14645 14663 14682 14700 14719 14737 14756 14775 14793 14812 14830 14848 14866 14885 14904 14922 14940 14959 14977 14995 15014 15033 15051 15070 15088 15107 15125 15143 15162 15180 15199 15217 15235 15254 15272 15292 15310 15328 15347 15365 15384 15402 15420 15439 15457 15475 15494 15512 15531 15550 
13741 13760 13778 13797 13815 13833 13852 13870 13889 13907 13925 13943 13962 13981 13999 14018 14036 14055 14073 14091 14110 14128 14147 14165 14183 14202 14220 14239 14258 14276 14295 14313 14332 14350 14368 14387 14405 14424 14442 14460 14478 14497 14517 14535 14553 14571 14590 14608 14627 14645 14663 14682 14700 14719 14737 14756 14775 14793 14812 14830 14848 14867 14885 14904 14922 14940 14959 14977 14995 15014 15033 15052 15070 15089 15107 15125 15144 15162 15180 15198 15217 15235 15254 15273 15291 15310 15328 15347 15365 15383 15402 15420 15439 15457 15475 15494 15512 15531 15550 15568 
13760 13778 13796 13815 13833 13852 13870 13888 13907 13925 13944 13962 13981 14000 14018 14037 14055 14073 14092 14110 14129 14147 14165 14184 14202 14220 14239 14259 14276 14295 14314 14332 14350 14368 14387 14405 14424 14442 14460 14479 14498 14517 14535 14553 14572 14590 14609 14627 14645 14664 14682 14701 14719 14737 14756 14775 14793 14812 14830 14848 14867 14886 14904 14922 14940 14959 14977 14995 15014 15033 15052 15070 15088 15107 15125 15144 15162 15180 15199 15217 15236 15254 15273 15292 15310 15329 15347 15365 15384 15402 15421 15439 15457 15476 15494 15513 15531 15550 15569 15587 
13778 13796 13814 13833 13851 13870 13888 13907 13925 13943 13962 13981 14000 14018 14036 14055 14073 14091 14110 14128 14147 14165 14183 14202 14220 14239 14258 14276 14294 14313 14332 14350 14368 14386 14405 14423 14442 14460 14478 14497 14516 14535 14553 14571 14590 14608 14627 14645 14663 14682 14700 14719 14737 14756 14775 14793 14812 14830 14848 14867 14885 14904 14922 14940 14959 14977 14995 15014 15033 15051 15070 15088 15106 15125 15143 15162 15180 15198 15217 15235 15254 15272 15291 15310 15328 15347 15365 15383 15402 15420 15439 15457 15475 15494 15512 15531 15549 15568 15587 15605 
13797 13815 13833 13852 13870 13889 13907 13925 13944 13962 13981 14000 14018 14037 14055 14074 14092 14110 14129 14147 14166 14184 14202 14220 14239 14258 14276 14295 14313 14332 14350 14368 14387 14405 14424 14442 14460 14479 14498 14517 14535 14553 14572 14590 14609 14627 14645 14664 14682 14701 14719 14737 14756 14775 14793 14812 14830 14848 14867 14885 14904 14922 14940 14959 14977 14996 15014 15033 15052 15070 15089 15107 15125 15144 15162 15181 15199 15217 15236 15254 15273 15292 15310 15329 15347 15366 15384 15402 15420 15439 15457 15475 15494 15512 15531 15550 15568 15587 15605 15624 
13815 13833 13851 13870 13888 13907 13925 13943 13962 13981 14000 14018 14036 14055 14073 14092 14110 14128 14147 14165 14184 14202 14220 14239 14258 14276 14295 14313 14332 14350 14368 14387 14405 14423 14442 14460 14478 14498 14516 14535 14553 14572 14590 14608 14627 14645 14663 14682 14700 14719 14737 14756 14775 14793 14812 14830 14848 14866 14885 14904 14922 14940 14959 14977 14995 15014 15033 15051 15070 15088 15107 15125 15143 15162 15180 15199 15217 15235 15254 15272 15291 15310 15328 15347 15365 15384 15402 15420 15439 15457 15475 15493 15512 15531 15550 15568 15587 15605 15623 15642 
13833 13852 13870 13889 13907 13925 13944 13962 13981 14000 14018 14036 14055 14073 14091 14110 14128 14147 14165 14183 14202 14220 14239 14258 14276 14295 14313 14332 14350 14368 14387 14405 14424 14442 14460 14479 14497 14517 14535 14553 14572 14590 14608 14627 14645 14663 14682 14700 14719 14737 14756 14775 14793 14812 14830 14848 14867 14885 14904 14922 14940 14959 14977 14996 15014 15033 15052 15070 15089 15107 15125 15144 15162 15181 15199 15217 15235 15254 15273 15291 15310 15328 15347 15365 15383 15402 15420 15439 15457 15475 15494 15512 15531 15550 15568 15587 15605 15624 15642 15660 
13852 13870 13888 13907 13925 13944 13962 13981 14000 14018 14037 14055 14073 14092 14110 14129 14147 14165 14184 14202 14220 14239 14258 14276 14295 14314 14332 14350 14368 14387 14405 14423 14442 14460 14479 14498 14517 14535 14553 14572 14590 14608 14627 14645 14664 14682 14701 14719 14737 14756 14775 14793 14812 14830 14848 14867 14885 14904 14922 14941 14959 14977 14995 15014 15033 15052 15070 15088 15107 15125 15144 15162 15180 15199 15217 15236 15254 15272 15292 15310 15329 15347 15365 15384 15402 15420 15439 15457 15476 15494 15513 15531 15550 15569 15587 15605 15623 15642 15660 15679 
13870 13888 13907 13925 13943 13962 13981 14000 14018 14036 14055 14073 14091 14110 14128 14147 14165 14183 14202 14220 14239 14258 14276 14295 14313 14332 14350 14368 14387 14405 14423 14442 14460 14478 14497 14516 14535 14553 14571 14590 14608 14627 14645 14663 14682 14700 14719 14737 14756 14775 14793 14812 14830 14848 14867 14885 14904 14922 14940 14959 14977 14995 15014 15033 15051 15070 15088 15106 15125 15143 15162 15180 15198 15217 15235 15254 15272 15291 15310 15328 15347 15365 15383 15402 15420 15439 15457 15475 15494 15512 15531 15549 15568 15587 15605 15624 15642 15660 15678 15697 
13889 13907 13925 13944 13962 13981 14000 14018 14037 14055 14074 14092 14110 14129 14147 14166 14184 14202 14220 14239 14259 14276 14295 14313 14332 14350 14368 14387 14405 14424 14442 14460 14479 14498 14517 14535 14553 14572 14590 14609 14627 14645 14664 14682 14701 14719 14737 14756 14775 14794 14812 14830 14848 14867 14886 14904 14922 14940 14959 14977 14995 15014 15033 15052 15070 15088 15107 15125 15144 15162 15180 15199 15217 15236 15254 15273 15292 15310 15329 15347 15366 15384 15402 15421 15439 15457 15475 15494 15513 15531 15550 15568 15587 15605 15624 15642 15660 15679 15697 15716 
13907 13925 13943 13962 13981 14000 14018 14036 14055 14073 14092 14110 14128 14147 14165 14184 14202 14220 14239 14258 14276 14294 14313 14332 14350 14368 14386 14405 14423 14442 14460 14478 14498 14516 14535 14553 14571 14590 14608 14627 14645 14663 14682 14700 14719 14737 14756 14775 14793 14812 14830 14848 14867 14885 14904 14922 14940 14959 14977 14995 15014 15033 15051 15070 15088 15106 15125 15143 15162 15180 15199 15217 15235 15254 15272 15291 15310 15328 15347 15365 15384 15402 15420 15439 15457 15475 15493 15512 15531 15549 15568 15586 15605 15623 15642 15660 15678 15697 15715 15734 
13925 13944 13962 13981 14000 14018 14036 14055 14074 14092 14110 14128 14147 14165 14183 14202 14220 14239 14258 14276 14295 14313 14332 14350 14368 14387 14405 14424 14442 14460 14479 14497 14517 14535 14553 14572 14590 14609 14627 14645 14663 14682 14701 14719 14737 14756 14775 14793 14812 14830 14848 14867 14885 14904 14922 14940 14959 14977 14996 15014 15033 15052 15070 15089 15107 15125 15144 15162 15181 15199 15217 15236 15254 15273 15291 15310 15329 15347 15365 15383 15402 15420 15439 15457 15475 15494 15512 15531 15550 15568 15587 15605 15624 15642 15660 15679 15697 15716 15734 15752 
13944 13962 13981 14000 14018 14036 14055 14073 14092 14110 14129 14147 14165 14184 14202 14220 14239 14258 14276 14295 14313 14332 14350 14368 14387 14405 14423 14442 14460 14478 14498 14516 14535 14553 14572 14590 14608 14627 14645 14664 14682 14700 14719 14737 14756 14775 14793 14812 14830 14848 14866 14885 14904 14922 14940 14959 14977 14995 15014 15033 15051 15070 15088 15107 15125 15144 15162 15180 15199 15217 15235 15254 15272 15292 15310 15329 15347 15365 15384 15402 15420 15439 15457 15476 15494 15512 15531 15550 15569 15587 15605 15623 15642 15660 15679 15697 15715 15734 15752 15771 
13962 13981 13999 14018 14036 14055 14073 14091 14110 14128 14147 14165 14183 14202 14220 14239 14258 14276 14295 14313 14332 14350 14368 14387 14405 14424 14442 14460 14478 14497 14517 14535 14553 14571 14590 14608 14627 14645 14663 14682 14700 14719 14737 14756 14775 14793 14812 14830 14848 14867 14885 14904 14922 14940 14959 14977 14996 15014 15033 15052 15070 15088 15106 15125 15144 15162 15180 15198 15217 15235 15254 15272 15291 15310 15328 15347 15365 15383 15402 15420 15439 15457 15475 15494 15512 15531 15550 15568 15587 15605 15624 15642 15660 15678 15697 15716 15734 15752 15771 15789 
13981 14000 14018 14037 14055 14073 14092 14110 14129 14147 14165 14184 14202 14220 14239 14259 14276 14295 14314 14332 14350 14368 14387 14405 14424 14442 14460 14479 14498 14517 14535 14553 14572 14590 14609 14627 14645 14664 14682 14701 14719 14737 14756 14775 14794 14812 14830 14848 14867 14886 14904 14922 14941 14959 14977 14995 15014 15033 15052 15070 15088 15107 15125 15144 15162 15180 15199 15217 15236 15254 15273 15292 15310 15329 15347 15365 15384 15402 15421 15439 15457 15475 15494 15513 15531 15550 15569 15587 15605 15624 15642 15660 15679 15697 15716 15734 15752 15771 15789 15807 
14000 14018 14036 14055 14073 14092 14110 14128 14147 14165 14183 14202 14220 14239 14258 14276 14294 14313 14332 14350 14368 14386 14405 14423 14442 14460 14478 14497 14516 14535 14553 14571 14590 14608 14627 14645 14663 14682 14700 14719 14737 14756 14775 14793 14812 14830 14848 14867 14885 14904 14921 14940 14959 14977 14995 15014 15033 15051 15070 15088 15106 15125 15143 15162 15180 15198 15217 15235 15254 15272 15291 15310 15328 15347 15365 15383 15402 15420 15439 15457 15475 15494 15512 15531 15549 15568 15587 15605 15623 15642 15660 15678 15697 15715 15734 15752 15770 15789 15807 15826 
14018 14037 14055 14074 14092 14110 14129 14147 14165 14183 14202 14220 14239 14258 14276 14295 14313 14332 14350 14368 14387 14405 14424 14442 14460 14479 14498 14517 14535 14553 14572 14590 14609 14627 14645 14664 14682 14701 14719 14737 14756 14775 14793 14812 14830 14848 14867 14885 14904 14922 14940 14959 14977 14995 15014 15033 15052 15070 15089 15107 15125 15144 15162 15181 15199 15217 15236 15254 15273 15291 15310 15329 15347 15366 15384 15402 15420 15439 15457 15475 15494 15512 15531 15550 15568 15587 15605 15624 15642 15660 15679 15697 15716 15734 15752 15771 15789 15808 15826 15845 
14036 14055 14073 14092 14110 14128 14147 14165 14184 14202 14220 14239 14258 14276 14294 14313 14331 14350 14368 14387 14405 14423 14442 14460 14478 14498 14516 14535 14553 14572 14590 14608 14627 14645 14663 14682 14700 14719 14737 14756 14775 14793 14812 14830 14848 14866 14885 14904 14922 14940 14959 14977 14995 15014 15033 15051 15070 15088 15107 15125 15143 15162 15180 15199 15217 15235 15254 15272 15291 15310 15328 15347 15365 15384 15402 15420 15439 15457 15475 15493 15512 15531 15550 15569 15587 15605 15623 15642 15660 15678 15697 15715 15734 15752 15771 15789 15807 15826 15845 15863 
14055 14073 14091 14110 14128 14147 14165 14183 14202 14220 14239 14258 14276 14295 14313 14332 14350 14368 14387 14405 14424 14442 14460 14478 14497 14517 14535 14553 14572 14590 14608 14627 14645 14663 14682 14700 14719 14737 14756 14775 14793 14812 14830 14848 14867 14885 14904 14922 14940 14959 14977 14996 15014 15033 15052 15070 15089 15107 15125 15144 15162 15180 15199 15217 15235 15254 15273 15291 15310 15328 15347 15365 15383 15402 15420 15439 15457 15475 15494 15512 15531 15550 15568 15587 15605 15624 15642 15660 15679 15697 15716 15734 15752 15771 15789 15807 15826 15845 15863 15882 
14073 14092 14110 14129 14147 14165 14184 14202 14220 14239 14258 14276 14295 14314 14332 14350 14368 14387 14405 14424 14442 14460 14479 14498 14517 14535 14553 14572 14590 14608 14627 14645 14664 14682 14701 14719 14737 14756 14775 14793 14812 14830 14848 14867 14886 14904 14922 14941 14959 14977 14995 15014 15033 15052 15070 15088 15107 15125 15144 15162 15180 15199 15217 15236 15254 15272 15292 15310 15329 15347 15365 15384 15402 15420 15439 15457 15476 15494 15513 15531 15550 15569 15587 15605 15623 15642 15660 15679 15697 15716 15734 15752 15771 15789 15807 15827 15845 15864 15882 15901 
14091 14110 14128 14147 14165 14183 14202 14220 14239 14258 14276 14295 14313 14332 14350 14368 14387 14405 14423 14442 14460 14478 14497 14516 14535 14553 14571 14590 14608 14627 14645 14663 14682 14700 14719 14737 14756 14775 14793 14812 14830 14848 14867 14885 14904 14922 14940 14959 14977 14995 15014 15033 15051 15070 15088 15106 15125 15143 15162 15180 15198 15217 15235 15254 15272 15291 15310 15328 15347 15365 15383 15402 15420 15439 15457 15475 15494 15512 15531 15549 15568 15587 15605 15624 15642 15660 15678 15697 15715 15734 15752 15770 15789 15807 15826 15845 15863 15882 15900 15919 
14110 14129 14147 14166 14184 14202 14220 14239 14259 14276 14295 14313 14332 14350 14368 14387 14405 14424 14442 14460 14479 14497 14517 14535 14553 14572 14590 14609 14627 14645 14664 14682 14701 14719 14737 14756 14775 14794 14812 14830 14848 14867 14885 14904 14922 14940 14959 14977 14995 15014 15033 15052 15070 15089 15107 15125 15144 15162 15181 15199 15217 15236 15254 15273 15292 15310 15329 15347 15366 15384 15402 15421 15439 15457 15475 15494 15513 15531 15550 15568 15587 15605 15624 15642 15660 15679 15697 15716 15734 15752 15771 15789 15808 15826 15845 15864 15882 15901 15919 15937 
14128 14147 14165 14184 14202 14220 14239 14258 14276 14294 14313 14332 14350 14368 14386 14405 14423 14442 14460 14478 14498 14516 14535 14553 14571 14590 14608 14627 14645 14663 14682 14700 14719 14737 14756 14775 14793 14812 14830 14848 14866 14885 14904 14922 14940 14958 14977 14995 15014 15033 15051 15070 15088 15107 15125 15143 15162 15180 15199 15217 15235 15254 15272 15291 15310 15328 15347 15365 15384 15402 15420 15439 15457 15475 15493 15512 15531 15550 15568 15586 15605 15623 15642 15660 15678 15697 15715 15734 15752 15770 15789 15807 15826 15845 15863 15882 15900 15919 15937 15955 
14147 14165 14183 14202 14220 14239 14258 14276 14295 14313 14332 14350 14368 14387 14405 14424 14442 14460 14479 14497 14517 14535 14553 14572 14590 14609 14627 14645 14663 14682 14701 14719 14737 14756 14775 14793 14812 14830 14848 14867 14885 14904 14922 14940 14959 14977 14996 15014 15033 15052 15070 15089 15107 15125 15144 15162 15181 15199 15217 15236 15254 15273 15291 15310 15329 15347 15365 15383 15402 15420 15439 15457 15475 15494 15512 15531 15550 15568 15587 15605 15624 15642 15660 15679 15697 15716 15734 15752 15771 15789 15808 15826 15845 15863 15882 15901 15919 15937 15955 15974 
14165 14184 14202 14220 14239 14258 14276 14295 14313 14332 14350 14368 14387 14405 14423 14442 14460 14479 14498 14517 14535 14553 14572 14590 14608 14627 14645 14664 14682 14700 14719 14737 14756 14775 14793 14812 14830 14848 14867 14885 14904 14922 14940 14959 14977 14995 15014 15033 15051 15070 15088 15107 15125 15144 15162 15180 15199 15217 15235 15254 15272 15292 15310 15329 15347 15365 15384 15402 15420 15439 15457 15476 15494 15513 15531 15550 15569 15587 15605 15623 15642 15660 15679 15697 15715 15734 15752 15771 15789 15807 15826 15845 15864 15882 15900 15919 15937 15956 15974 15992 
14183 14202 14220 14239 14258 14276 14295 14313 14332 14350 14368 14387 14405 14424 14442 14460 14478 14497 14517 14535 14553 14571 14590 14608 14627 14645 14663 14682 14700 14719 14737 14756 14775 14793 14812 14830 14848 14867 14885 14904 14922 14940 14959 14977 14995 15014 15033 15052 15070 15088 15106 15125 15143 15162 15180 15198 15217 15235 15254 15272 15291 15310 15328 15347 15365 15383 15402 15420 15439 15457 15475 15494 15512 15531 15550 15568 15587 15605 15624 15642 15660 15678 15697 15716 15734 15752 15770 15789 15807 15826 15845 15863 15882 15900 15919 15937 15955 15974 15992 16011 
14202 14220 14239 14259 14276 14295 14313 14332 14350 14368 14387 14405 14424 14442 14460 14479 14498 14517 14535 14553 14572 14590 14609 14627 14645 14664 14682 14701 14719 14737 14756 14775 14794 14812 14830 14848 14867 14886 14904 14922 14940 14959 14977 14995 15014 15033 15052 15070 15088 15107 15125 15144 15162 15180 15199 15217 15236 15254 15273 15292 15310 15329 15347 15365 15384 15402 15421 15439 15457 15475 15494 15513 15531 15550 15568 15587 15605 15624 15642 15660 15679 15697 15716 15734 15752 15771 15789 15808 15826 15845 15864 15882 15901 15919 15937 15956 15974 15993 16011 16029 
14220 14239 14258 14276 14294 14313 14332 14350 14368 14386 14405 14423 14442 14460 14478 14497 14516 14535 14553 14571 14590 14608 14627 14645 14663 14682 14700 14719 14737 14756 14775 14793 14812 14830 14848 14867 14885 14904 14922 14940 14959 14977 14995 15014 15033 15051 15070 15088 15106 15125 15143 15162 15180 15198 15217 15235 15254 15272 15291 15310 15328 15347 15365 15383 15402 15420 15439 15457 15475 15493 15512 15531 15549 15568 15586 15605 15623 15642 15660 15678 15697 15715 15734 15752 15770 15789 15807 15826 15845 15863 15882 15900 15919 15937 15955 15974 15992 16011 16029 16047 
14239 14258 14276 14295 14313 14332 14350 14368 14387 14405 14424 14442 14460 14479 14497 14517 14535 14553 14572 14590 14609 14627 14645 14664 14682 14701 14719 14737 14756 14775 14793 14812 14830 14848 14867 14885 14904 14922 14940 14959 14977 14995 15014 15033 15052 15070 15089 15107 15125 15144 15162 15181 15199 15217 15236 15254 15273 15291 15310 15329 15347 15365 15384 15402 15420 15439 15457 15475 15494 15512 15531 15550 15568 15587 15605 15624 15642 15660 15679 15697 15716 15734 15752 15771 15789 15808 15826 15845 15864 15882 15901 15919 15937 15956 15974 15992 16011 16029 16047 16066 
14258 14276 14295 14313 14332 14350 14368 14387 14405 14423 14442 14460 14478 14498 14516 14535 14553 14572 14590 14608 14627 14645 14663 14682 14700 14719 14737 14756 14775 14793 14812 14830 14848 14866 14885 14904 14922 14940 14959 14977 14995 15014 15033 15051 15070 15088 15107 15125 15143 15162 15180 15199 15217 15235 15254 15272 15292 15310 15328 15347 15365 15384 15402 15420 15439 15457 15475 15494 15512 15531 15550 15569 15587 15605 15623 15642 15660 15678 15697 15715 15734 15752 15771 15789 15807 15826 15845 15863 15882 15900 15919 15937 15956 15974 15992 16011 16029 16047 16066 16084 
14276 14295 14313 14332 14350 14368 14387 14405 14424 14442 14460 14478 14497 14517 14535 14553 14571 14590 14608 14627 14645 14663 14682 14700 14719 14737 14756 14775 14793 14812 14830 14848 14867 14885 14904 14922 14940 14959 14977 14996 15014 15033 15052 15070 15089 15107 15125 15144 15162 15180 15198 15217 15235 15254 15273 15291 15310 15328 15347 15365 15383 15402 15420 15439 15457 15475 15494 15512 15531 15550 15568 15587 15605 15624 15642 15660 15679 15697 15716 15734 15752 15771 15789 15807 15826 15845 15863 15882 15900 15919 15937 15955 15974 15992 16010 16029 16047 16066 16084 16104 
14295 14314 14332 14350 14368 14387 14405 14424 14442 14460 14479 14498 14517 14535 14553 14572 14590 14609 14627 14645 14664 14682 14701 14719 14737 14756 14775 14793 14812 14830 14849 14867 14886 14904 14922 14941 14959 14977 14995 15014 15033 15052 15070 15088 15107 15125 15144 15162 15180 15199 15217 15236 15254 15273 15292 15310 15329 15347 15365 15384 15402 15421 15439 15457 15476 15494 15513 15531 15550 15569 15587 15605 15623 15642 15660 15679 15697 15716 15734 15752 15771 15789 15807 15827 15845 15864 15882 15901 15919 15937 15956 15974 15992 16011 16029 16048 16066 16085 16104 16122 
14313 14332 14350 14368 14386 14405 14423 14442 14460 14478 14497 14516 14535 14553 14571 14590 14608 14627 14645 14663 14682 14700 14719 14737 14756 14775 14793 14812 14830 14848 14867 14885 14904 14922 14940 14959 14977 14995 15014 15033 15051 15070 15088 15106 15125 15143 15162 15180 15198 15217 15235 15254 15272 15291 15310 15328 15347 15365 15383 15402 15420 15439 15457 15475 15494 15512 15531 15549 15568 15587 15605 15623 15642 15660 15678 15697 15715 15734 15752 15770 15789 15807 15826 15845 15863 15882 15900 15919 15937 15955 15974 15992 16011 16029 16047 16066 16084 16104 16122 16140 
14332 14350 14368 14387 14405 14424 14442 14460 14479 14498 14517 14535 14553 14572 14590 14609 14627 14645 14664 14682 14701 14719 14737 14756 14775 14794 14812 14830 14848 14867 14886 14904 14922 14940 14959 14977 14995 15014 15033 15052 15070 15089 15107 15125 15144 15162 15181 15199 15217 15236 15254 15273 15292 15310 15329 15347 15366 15384 15402 15420 15439 15457 15475 15494 15512 15531 15550 15568 15587 15605 15624 15642 15660 15679 15697 15716 15734 15752 15771 15789 15808 15826 15845 15864 15882 15901 15919 15937 15956 15974 15993 16011 16029 16047 16066 16085 16104 16122 16140 16159 
14350 14368 14387 14405 14423 14442 14460 14478 14498 14516 14535 14553 14571 14590 14608 14627 14645 14663 14682 14700 14719 14737 14756 14775 14793 14812 14830 14848 14866 14885 14904 14922 14940 14958 14977 14995 15014 15033 15051 15070 15088 15107 15125 15143 15162 15180 15199 15217 15235 15254 15272 15291 15310 15328 15347 15365 15384 15402 15420 15439 15457 15475 15493 15512 15531 15550 15569 15587 15605 15623 15642 15660 15678 15697 15715 15734 15752 15770 15789 15807 15826 15845 15863 15882 15900 15919 15937 15955 15974 15992 16011 16029 16047 16066 16084 16104 16122 16140 16159 16177 
14368 14387 14405 14424 14442 14460 14479 14497 14517 14535 14553 14572 14590 14609 14627 14645 14663 14682 14700 14719 14737 14756 14775 14793 14812 14830 14848 14867 14885 14904 14922 14940 14959 14977 14996 15014 15033 15052 15070 15089 15107 15125 15144 15162 15181 15199 15217 15235 15254 15273 15291 15310 15328 15347 15365 15383 15402 15420 15439 15457 15475 15494 15512 15531 15550 15568 15587 15605 15624 15642 15660 15679 15697 15716 15734 15752 15771 15789 15808 15826 15845 15863 15882 15901 15919 15937 15955 15974 15992 16010 16029 16047 16066 16085 16104 16122 16140 16159 16177 16196 
14387 14405 14423 14442 14460 14479 14498 14517 14535 14553 14572 14590 14608 14627 14645 14664 14682 14701 14719 14737 14756 14775 14793 14812 14830 14848 14867 14885 14904 14922 14941 14959 14977 14995 15014 15033 15052 15070 15088 15107 15125 15144 15162 15180 15199 15217 15235 15254 15272 15292 15310 15329 15347 15365 15384 15402 15420 15439 15457 15476 15494 15513 15531 15550 15569 15587 15605 15623 15642 15660 15679 15697 15715 15734 15752 15771 15789 15807 15826 15845 15864 15882 15900 15919 15937 15956 15974 15992 16011 16029 16048 16066 16085 16104 16122 16141 16159 16177 16195 16214 
14405 14423 14442 14460 14478 14497 14517 14535 14553 14571 14590 14608 14627 14645 14663 14682 14700 14719 14737 14756 14775 14793 14812 14830 14848 14867 14885 14904 14922 14940 14959 14977 14995 15014 15033 15051 15070 15088 15106 15125 15143 15162 15180 15198 15217 15235 15254 15272 15291 15310 15328 15347 15365 15383 15402 15420 15439 15457 15475 15494 15512 15531 15549 15568 15587 15605 15624 15642 15660 15678 15697 15716 15734 15752 15770 15789 15807 15826 15845 15863 15882 15900 15919 15937 15955 15974 15992 16011 16029 16047 16066 16084 16104 16122 16140 16159 16177 16196 16214 16232 
14424 14442 14460 14479 14498 14517 14535 14553 14572 14590 14609 14627 14645 14664 14682 14701 14719 14737 14756 14775 14794 14812 14830 14848 14867 14886 14904 14922 14940 14959 14977 14995 15014 15033 15052 15070 15088 15107 15125 15144 15162 15180 15199 15217 15236 15254 15273 15292 15310 15329 15347 15365 15384 15402 15421 15439 15457 15475 15494 15513 15531 15550 15568 15587 15605 15624 15642 15660 15679 15697 15716 15734 15752 15771 15789 15808 15826 15845 15864 15882 15901 15919 15937 15956 15974 15993 16011 16029 16048 16066 16085 16104 16122 16141 16159 16177 16195 16214 16232 16251 
14442 14460 14478 14498 14516 14535 14553 14571 14590 14608 14627 14645 14663 14682 14700 14719 14737 14756 14775 14793 14812 14830 14848 14866 14885 14904 14922 14940 14958 14977 14995 15014 15033 15051 15070 15088 15106 15125 15143 15162 15180 15199 15217 15235 15254 15272 15291 15310 15328 15347 15365 15383 15402 15420 15439 15457 15475 15493 15512 15531 15549 15568 15586 15605 15623 15642 15660 15678 15697 15715 15734 15752 15770 15789 15807 15826 15845 15863 15882 15900 15919 15937 15955 15974 15992 16011 16029 16047 16066 16084 16104 16122 16140 16159 16177 16195 16214 16232 16250 16269 
14460 14479 14497 14517 14535 14553 14572 14590 14609 14627 14645 14663 14682 14701 14719 14737 14756 14775 14793 14812 14830 14848 14867 14885 14904 14922 14940 14959 14977 14996 15014 15033 15052 15070 15089 15107 15125 15144 15162 15181 15199 15217 15236 15254 15273 15291 15310 15329 15347 15365 15383 15402 15420 15439 15457 15475 15494 15512 15531 15550 15568 15587 15605 15624 15642 15660 15679 15697 15716 15734 15752 15771 15789 15808 15826 15845 15864 15882 15901 15919 15937 15956 15974 15992 16011 16029 16047 16066 16085 16104 16122 16140 16159 16177 16195 16214 16232 16251 16269 16287 
14478 14498 14516 14535 14553 14572 14590 14608 14627 14645 14664 14682 14700 14719 14737 14756 14775 14793 14812 14830 14848 14867 14885 14904 14922 14941 14959 14977 14995 15014 15033 15051 15070 15088 15107 15125 15144 15162 15180 15199 15217 15235 15254 15272 15292 15310 15328 15347 15365 15384 15402 15420 15439 15457 15476 15494 15512 15531 15550 15569 15587 15605 15623 15642 15660 15678 15697 15715 15734 15752 15771 15789 15807 15826 15845 15863 15882 15900 15919 15937 15956 15974 15992 16011 16029 16047 16066 16085 16104 16122 16141 16159 16177 16195 16214 16232 16250 16269 16287 16306 
14497 14517 14535 14553 14571 14590 14608 14627 14645 14663 14682 14700 14719 14737 14756 14775 14793 14812 14830 14848 14867 14885 14904 14922 14940 14959 14977 14996 15014 15033 15052 15070 15088 15107 15125 15144 15162 15180 15198 15217 15235 15254 15272 15291 15310 15328 15347 15365 15383 15402 15420 15439 15457 15475 15494 15512 15531 15550 15568 15587 15605 15624 15642 15660 15679 15697 15716 15734 15752 15771 15789 15807 15826 15845 15863 15882 15900 15919 15937 15955 15974 15992 16011 16029 16047 16066 16084 16104 16122 16140 16159 16177 16195 16214 16232 16251 16269 16287 16305 16324 
14517 14535 14553 14572 14590 14609 14627 14645 14664 14682 14701 14719 14737 14756 14775 14794 14812 14830 14848 14867 14886 14904 14922 14941 14959 14977 14995 15014 15033 15052 15070 15088 15107 15125 15144 15162 15180 15199 15217 15236 15254 15273 15292 15310 15329 15347 15365 15384 15402 15421 15439 15457 15475 15494 15513 15531 15550 15569 15587 15605 15624 15642 15660 15679 15697 15716 15734 15752 15771 15789 15807 15826 15845 15864 15882 15901 15919 15937 15956 15974 15992 16011 16029 16048 16066 16085 16104 16122 16141 16159 16177 16195 16214 16232 16251 16269 16287 16306 16324 16343 
14535 14553 14571 14590 14608 14627 14645 14663 14682 14700 14719 14737 14756 14775 14793 14812 14830 14848 14867 14885 14904 14921 14940 14959 14977 14995 15014 15033 15051 15070 15088 15106 15125 15143 15162 15180 15198 15217 15235 15254 15272 15291 15310 15328 15347 15365 15383 15402 15420 15439 15457 15475 15494 15512 15531 15549 15568 15587 15605 15623 15642 15660 15678 15697 15715 15734 15752 15770 15789 15807 15826 15845 15863 15882 15900 15919 15937 15955 15974 15992 16011 16029 16047 16066 16084 16104 16122 16140 16159 16177 16195 16214 16232 16250 16269 16287 16305 16324 16342 16362 
14553 14572 14590 14609 14627 14645 14664 14682 14701 14719 14737 14756 14775 14794 14812 14830 14848 14867 14885 14904 14922 14940 14959 14977 14996 15014 15033 15052 15070 15089 15107 15125 15144 15162 15181 15199 15217 15236 15254 15273 15291 15310 15329 15347 15365 15384 15402 15420 15439 15457 15475 15494 15512 15531 15550 15568 15587 15605 15624 15642 15660 15679 15697 15716 15734 15752 15771 15789 15808 15826 15845 15864 15882 15901 15919 15937 15956 15974 15993 16011 16029 16047 16066 16085 16104 16122 16140 16159 16177 16196 16214 16232 16251 16269 16287 16306 16324 16343 16362 16381 
14572 14590 14608 14627 14645 14663 14682 14700 14719 14737 14756 14775 14793 14812 14830 14848 14866 14885 14904 14922 14940 14959 14977 14995 15014 15033 15051 15070 15088 15107 15125 15143 15162 15180 15199 15217 15235 15254 15272 15291 15310 15328 15347 15365 15384 15402 15420 15439 15457 15475 15493 15512 15531 15550 15569 15587 15605 15623 15642 15660 15678 15697 15715 15734 15752 15771 15789 15807 15826 15845 15863 15882 15900 15919 15937 15955 15974 15992 16011 16029 16047 16066 16084 16104 16122 16140 16159 16177 16195 16214 16232 16250 16269 16287 16305 16324 16342 16362 16380 16399 
14590 14608 14627 14645 14663 14682 14700 14719 14737 14756 14775 14793 14812 14830 14848 14867 14885 14904 14922 14940 14959 14977 14996 15014 15033 15052 15070 15089 15107 15125 15144 15162 15181 15199 15217 15235 15254 15273 15291 15310 15328 15347 15365 15383 15402 15420 15439 15457 15475 15494 15512 15531 15550 15568 15587 15605 15624 15642 15660 15679 15697 15716 15734 15752 15771 15789 15807 15826 15845 15863 15882 15901 15919 15937 15955 15974 15992 16011 16029 16047 16066 16084 16104 16122 16140 16159 16177 16195 16214 16232 16251 16269 16287 16306 16324 16343 16362 16380 16399 16417 
14608 14627 14645 14664 14682 14701 14719 14737 14756 14775 14793 14812 14830 14848 14867 14885 14904 14922 14941 14959 14977 14995 15014 15033 15052 15070 15088 15107 15125 15144 15162 15180 15199 15217 15236 15254 15272 15292 15310 15329 15347 15365 15384 15402 15421 15439 15457 15475 15494 15513 15531 15550 15569 15587 15605 15623 15642 15660 15679 15697 15716 15734 15752 15771 15789 15807 15826 15845 15864 15882 15901 15919 15937 15956 15974 15992 16011 16029 16048 16066 16085 16104 16122 16141 16159 16177 16195 16214 16232 16251 16269 16287 16306 16324 16343 16362 16380 16399 16417 16436 
