P2
100 50
65535
6682 6682 6682 6682 6682 6682 6682 6682 6682 6682 6682 6682 6682 6682 6682 6682 6682 6682 6682 6682 6682 6682 6682 6682 6682 6682 6682 6682 6682 6682 6682 6682 6682 6682 6682 6682 6682 6682 6682 6619 7115 7930 8683 9427 10197 10935 11696 12451 13197 13958 14697 15465 16205 16960 17725 18465 19227 19970 20731 21479 22228 22996 23733 24495 25246 25998 26755 27495 28265 29004 29761 30521 31263 32027 32768 33532 34276 35027 35795 36533 37296 38045 38798 39552 40293 41066 41803 42563 43320 44064 44827 45563 46331 47074 47829 48594 49332 50095 50840 51598 
6682 6682 6682 6682 6682 6682 6682 6682 6682 6682 6682 6682 6682 6682 6682 6682 6682 6682 6682 6682 6682 6682 6682 6682 6682 6682 6682 6682 6682 6682 6682 6682 6682 6682 6682 6682 6682 6682 6610 7109 7916 8667 9422 10167 10935 11671 12434 13191 13935 14698 15439 16203 16943 17699 18464 19202 19967 20712 21469 22221 22968 23733 24469 25235 25988 26736 27496 28235 29002 29742 30501 31261 32002 32768 33508 34269 35016 35766 36534 37269 38034 38784 39535 40294 41033 41802 42540 43301 44059 44803 45565 46304 47069 47813 48568 49332 50069 50835 51581 52336 
6682 6682 6682 6682 6682 6682 6682 6682 6682 6682 6682 6682 6682 6682 6682 6682 6682 6682 6682 6682 6682 6682 6682 6682 6682 6682 6682 6682 6682 6682 6682 6682 6682 6682 6682 6682 6682 6620 7111 7933 8675 9434 10194 10934 11703 12442 13200 13949 14701 15466 16203 16971 17718 18466 19229 19967 20733 21473 22236 22995 23733 24501 25238 26000 26747 27502 28265 29002 29770 30515 31266 32023 32768 33533 34272 35036 35790 36533 37300 38036 38799 39542 40301 41065 41802 42568 43311 44067 44818 45568 46331 47070 47837 48587 49334 50095 50835 51600 52341 53102 
6682 6682 6682 6682 6682 6682 6682 6682 6682 6682 6682 6682 6682 6682 6682 6682 6682 6682 6682 6682 6682 6682 6682 6682 6682 6682 6682 6682 6682 6682 6682 6682 6682 6682 6682 6682 6612 7117 7915 8673 9419 10179 10935 11673 12446 13187 13939 14695 15446 16205 16941 17714 18461 19205 19973 20712 21474 22217 22980 23732 24473 25245 25984 26739 27492 28245 29004 29739 30513 31258 32006 32768 33512 34274 35014 35778 36531 37272 38044 38781 39540 40286 41046 41803 42541 43311 44055 44806 45562 46312 47072 47811 48580 49329 50072 50840 51580 52340 53083 53845 
6682 6682 6682 6682 6682 6682 6682 6682 6682 6682 6682 6682 6682 6682 6682 6682 6682 6682 6682 6682 6682 6682 6682 6682 6682 6682 6682 6682 6682 6682 6682 6682 6682 6682 6681 6614 7106 7932 8669 9436 10180 10933 11692 12433 13199 13937 14701 15458 16202 16965 17705 18467 19209 19966 20730 21468 22234 22979 23734 24486 25234 25998 26736 27503 28253 29001 29763 30501 31267 32007 32768 33529 34269 35034 35774 36534 37283 38033 38798 39536 40301 41052 41801 42561 43298 44067 44806 45569 46327 47069 47832 48570 49335 50078 50834 51598 52336 53102 53845 54602 
6682 6682 6682 6682 6682 6682 6682 6682 6682 6682 6682 6682 6682 6682 6682 6682 6682 6682 6682 6682 6682 6682 6682 6682 6682 6682 6682 6682 6682 6682 6682 6682 6682 6682 6617 7118 7927 8682 9422 10195 10934 11688 12451 13194 13953 14695 15461 16206 16954 17725 18462 19221 19971 20729 21480 22223 22993 23732 24489 25249 25993 26754 27492 28260 29004 29754 30523 31260 32019 32768 33528 34277 35020 35793 36531 37288 38043 38794 39550 40291 41063 41803 42556 43318 44061 44821 45562 46328 47073 47820 48593 49331 50087 50840 51595 52348 53088 53861 54601 55355 
6682 6682 6682 6682 6682 6682 6682 6682 6682 6682 6682 6682 6682 6682 6682 6682 6682 6682 6682 6682 6682 6682 6682 6682 6682 6682 6682 6682 6682 6682 6682 6682 6682 6611 7107 7923 8668 9428 10168 10934 11675 12433 13195 13935 14700 15441 16201 16949 17699 18465 19202 19967 20719 21469 22225 22965 23733 24470 25231 25995 26734 27500 28237 29002 29747 30499 31264 32002 32768 33516 34268 35022 35765 36533 37270 38034 38789 39536 40296 41034 41802 42544 43297 44064 44801 45569 46310 47069 47819 48566 49333 50069 50834 51587 52335 53094 53833 54601 55342 56099 
6682 6682 6682 6682 6682 6682 6682 6682 6682 6682 6682 6682 6682 6682 6682 6682 6682 6682 6682 6682 6682 6682 6682 6682 6682 6682 6682 6682 6682 6682 6682 6682 6621 7111 7931 8679 9433 10199 10934 11702 12448 13199 13956 14699 15466 16204 16967 17723 18466 19232 19970 20732 21476 22233 22998 23733 24502 25245 26000 26752 27500 28264 29003 29769 30521 31266 32028 32768 33533 34275 35034 35796 36533 37300 38040 38798 39548 40299 41065 41802 42567 43317 44066 44825 45568 46333 47072 47835 48592 49334 50099 50835 51600 52345 53100 53864 54600 55368 56112 56868 
6682 6682 6682 6682 6682 6682 6682 6682 6682 6682 6682 6682 6682 6682 6682 6682 6682 6682 6682 6682 6682 6682 6682 6682 6682 6682 6682 6682 6682 6682 6682 6611 7111 7912 8669 9417 10171 10935 11671 12440 13187 13937 14696 15439 16202 16941 17707 18462 19203 19970 20709 21470 22217 22972 23733 24471 25241 25985 26738 27490 28239 29003 29740 30506 31259 32003 32767 33507 34271 35012 35772 36531 37270 38039 38780 39538 40287 41040 41802 42537 43305 44055 44805 45562 46306 47071 47810 48571 49329 50070 50838 51576 52338 53084 53838 54600 55337 56107 56853 57603 
6682 6682 6682 6682 6682 6682 6682 6682 6682 6682 6682 6682 6682 6682 6682 6682 6682 6682 6682 6682 6682 6682 6682 6682 6682 6682 6682 6682 6682 6681 6617 7107 7931 8669 9436 10189 10933 11698 12435 13200 13941 14701 15463 16201 16968 17708 18468 19216 19967 20732 21470 22236 22984 23734 24494 25235 26001 26740 27503 28261 29002 29768 30505 31267 32011 32768 33532 34269 35036 35781 36534 37290 38033 38799 39537 40303 41058 41802 42565 43304 44067 44810 45569 46329 47069 47837 48575 49333 50085 50834 51600 52337 53102 53853 54601 55362 56101 56867 57606 58431 
6682 6682 6682 6682 6682 6682 6682 6682 6682 6682 6682 6682 6682 6682 6682 6682 6682 6682 6682 6682 6682 6682 6682 6682 6682 6682 6682 6682 6682 6614 7118 7923 8679 9417 10189 10934 11681 12451 13190 13947 14695 15456 16205 16946 17721 18461 19214 19971 20722 21478 22218 22990 23733 24479 25248 25990 26748 27492 28256 29004 29748 30521 31259 32014 32768 33524 34276 35014 35788 36531 37282 38043 38788 39547 40289 41056 41803 42546 43319 44058 44813 45564 46323 47073 47815 48590 49330 50080 50840 51589 52346 53084 53855 54601 55347 56115 56857 57613 58417 58921 
6682 6682 6682 6682 6682 6682 6682 6682 6682 6682 6682 6682 6682 6682 6682 6682 6682 6682 6682 6682 6682 6682 6682 6682 6682 6682 6682 6682 6612 7106 7927 8668 9433 10171 10933 11681 12433 13197 13935 14701 15448 16201 16957 17698 18466 19204 19967 20724 21468 22232 22969 23733 24477 25232 25997 26736 27502 28244 29000 29753 30499 31264 32003 32768 33521 34268 35029 35766 36533 37275 38032 38796 39535 40300 41040 41802 42548 43299 44065 44802 45567 46317 47068 47826 48567 49334 50071 50834 51593 52335 53099 53837 54601 55345 56101 56864 57601 58428 58918 58854 
6682 6682 6682 6682 6682 6682 6682 6682 6682 6682 6682 6682 6682 6682 6682 6682 6682 6682 6682 6682 6682 6682 6682 6682 6682 6682 6682 6620 7117 7932 8682 9428 10199 10935 11698 12451 13197 13958 14698 15465 16205 16964 17727 18466 19231 19972 20731 21478 22230 22998 23733 24497 25248 25999 26755 27495 28265 29003 29763 30523 31265 32028 32767 33532 34276 35030 35795 36532 37298 38043 38799 39551 40297 41066 41802 42564 43319 44064 44826 45565 46333 47073 47831 48594 49332 50097 50839 51599 52347 53096 53866 54600 55364 56115 56866 57624 58422 58924 58853 58853 
6682 6682 6682 6682 6682 6682 6682 6682 6682 6682 6682 6682 6682 6682 6682 6682 6682 6682 6682 6682 6682 6682 6682 6682 6682 6682 6610 7111 7915 8669 9422 10168 10934 11671 12435 13190 13935 14698 15436 16201 16942 17700 18462 19202 19968 20709 21469 22220 22968 23733 24469 25236 25987 26735 27495 28235 29002 29741 30502 31260 32002 32768 33507 34271 35014 35767 36532 37271 38035 38781 39537 40290 41034 41802 42539 43301 44058 44804 45566 46304 47069 47809 48569 49330 50069 50836 51579 52336 53088 53834 54600 55336 56102 56856 57602 58421 58914 58853 58853 58853 
6682 6682 6682 6682 6682 6682 6682 6682 6682 6682 6682 6682 6682 6682 6682 6682 6682 6682 6682 6682 6682 6682 6682 6682 6681 6619 7109 7933 8673 9436 10195 10934 11702 12440 13200 13947 14701 15465 16201 16969 17715 18467 19224 19967 20734 21472 22236 22991 23733 24499 25236 26000 26744 27501 28263 29002 29769 30512 31265 32020 32767 33533 34270 35036 35787 36533 37296 38035 38801 39542 40301 41062 41802 42567 43307 44067 44816 45569 46331 47069 47836 48585 49334 50093 50834 51600 52339 53102 53859 54601 55367 56105 56867 57611 58431 58924 58853 58853 58853 58853 
6682 6682 6682 6682 6682 6682 6682 6682 6682 6682 6682 6682 6682 6682 6682 6682 6682 6682 6682 6682 6682 6682 6682 6682 6613 7115 7916 8675 9419 10180 10934 11675 12448 13187 13941 14695 15448 16205 16942 17715 18462 19208 19970 20714 21474 22215 22983 23732 24473 25245 25985 26741 27492 28248 29004 29742 30516 31258 32008 32767 33515 34275 35012 35782 36531 37274 38045 38783 39540 40286 41049 41803 42540 43314 44056 44808 45562 46315 47073 47811 48583 49329 50075 50838 51583 52342 53084 53848 54600 55341 56114 56855 57607 58419 58919 58853 58853 58853 58853 58853 
6682 6682 6682 6682 6682 6682 6682 6682 6682 6682 6682 6682 6682 6682 6682 6682 6682 6682 6682 6682 6682 6682 6681 6614 7106 7930 8667 9434 10179 10933 11688 12433 13199 13937 14701 15456 16201 16964 17700 18467 19208 19966 20729 21469 22237 22973 23734 24484 25232 25999 26736 27501 28252 29001 29761 30500 31266 32005 32768 33527 34270 35033 35772 36535 37279 38032 38797 39535 40304 41046 41801 42555 43299 44066 44804 45569 46323 47068 47832 48569 49335 50076 50834 51597 52336 53102 53844 54601 55352 56102 56866 57603 58432 58920 58854 58853 58853 58853 58853 58853 
6682 6682 6682 6682 6682 6682 6682 6682 6682 6682 6682 6682 6682 6682 6682 6682 6682 6682 6682 6682 6682 6682 6618 7116 7930 8683 9422 10194 10935 11692 12451 13195 13956 14696 15463 16205 16957 17727 18462 19224 19970 20729 21480 22225 22997 23732 24489 25249 25995 26754 27492 28264 29004 29758 30523 31262 32024 32768 33530 34277 35023 35794 36532 37291 38043 38795 39550 40290 41065 41803 42556 43318 44062 44823 45565 46330 47073 47825 48594 49330 50091 50840 51595 52348 53090 53862 54601 55358 56116 56863 57623 58418 58923 58853 58853 58853 58853 58853 58853 58853 
6682 6682 6682 6682 6682 6682 6682 6682 6682 6682 6682 6682 6682 6682 6682 6682 6682 6682 6682 6682 6682 6610 7107 7919 8667 9427 10167 10934 11673 12433 13194 13935 14699 15439 16201 16946 17698 18466 19202 19967 20714 21469 22225 22967 23733 24472 25231 25992 26736 27499 28236 29002 29744 30500 31263 32000 32767 33511 34269 35019 35766 36533 37270 38033 38787 39534 40294 41033 41802 42542 43301 44061 44802 45568 46308 47068 47816 48566 49333 50069 50834 51584 52336 53092 53832 54601 55338 56100 56859 57602 58427 58915 58853 58853 58853 58853 58853 58853 58853 58853 
6682 6682 6682 6682 6682 6682 6682 6682 6682 6682 6682 6682 6682 6682 6682 6682 6682 6682 6682 6682 6621 7112 7932 8678 9433 10197 10935 11703 12446 13199 13953 14700 15466 16202 16968 17721 18466 19231 19968 20734 21474 22237 22997 23733 24502 25243 26000 26749 27501 28266 29002 29768 30518 31266 32026 32767 33535 34273 35035 35793 36533 37300 38040 38799 39545 40300 41064 41802 42570 43312 44067 44823 45568 46333 47070 47835 48591 49334 50097 50836 51600 52343 53101 53863 54601 55370 56110 56866 57617 58428 58925 58853 58853 58853 58853 58853 58853 58853 58853 58853 
6682 6682 6682 6682 6682 6682 6682 6682 6682 6682 6682 6682 6682 6682 6682 6682 6682 6682 6682 6611 7113 7912 8671 9417 10175 10935 11671 12442 13187 13937 14695 15441 16204 16941 17708 18461 19204 19972 20709 21472 22215 22973 23732 24472 25243 25983 26737 27492 28241 29003 29740 30508 31259 32004 32768 33509 34272 35012 35774 36531 37272 38040 38780 39538 40287 41041 41802 42537 43310 44055 44805 45562 46306 47071 47810 48576 49329 50071 50838 51578 52339 53084 53841 54601 55337 56111 56852 57604 58418 58916 58853 58853 58853 58853 58853 58853 58853 58853 58853 58853 
6682 6682 6682 6682 6682 6682 6682 6682 6682 6682 6682 6682 6682 6682 6682 6682 6682 6681 6616 7106 7933 8669 9436 10186 10934 11696 12434 13200 13939 14701 15461 16201 16967 17707 18468 19214 19967 20731 21469 22236 22983 23734 24489 25231 26000 26737 27503 28256 29002 29766 30503 31267 32010 32768 33531 34269 35035 35777 36534 37287 38034 38800 39536 40303 41056 41801 42563 43302 44066 44806 45569 46330 47069 47836 48575 49335 50082 50834 51599 52337 53102 53850 54601 55360 56100 56867 57606 58430 58922 58854 58853 58853 58853 58853 58853 58853 58853 58853 58853 58853 
6682 6682 6682 6682 6682 6682 6682 6682 6682 6682 6682 6682 6682 6682 6682 6682 6682 6615 7116 7924 8680 9420 10192 10935 11684 12451 13191 13949 14695 15458 16206 16949 17723 18462 19216 19971 20724 21478 22220 22991 23732 24484 25249 25992 26749 27492 28256 29005 29750 30522 31259 32017 32767 33525 34276 35017 35791 36531 37283 38043 38791 39548 40287 41058 41802 42551 43318 44059 44816 45564 46326 47074 47817 48592 49330 50084 50840 51592 52347 53085 53858 54601 55352 56116 56858 57616 58418 58922 58853 58853 58853 58853 58853 58853 58853 58853 58853 58853 58853 58853 
6682 6682 6682 6682 6682 6682 6682 6682 6682 6682 6682 6682 6682 6682 6682 6682 6612 7104 7926 8666 9429 10170 10934 11678 12433 13197 13935 14701 15446 16202 16954 17699 18466 19203 19967 20722 21468 22230 22968 23733 24473 25232 25995 26736 27501 28241 29002 29750 30499 31265 32002 32768 33518 34268 35027 35767 36533 37271 38034 38794 39535 40299 41038 41802 42545 43299 44065 44803 45568 46314 47068 47821 48564 49332 50070 50834 51591 52335 53097 53834 54601 55342 56101 56864 57601 58429 58917 58854 58853 58853 58853 58853 58853 58853 58853 58853 58853 58853 58853 58853 
6682 6682 6682 6682 6682 6682 6682 6682 6682 6682 6682 6682 6682 6682 6682 6621 7114 7932 8681 9431 10198 10934 11700 12450 13198 13958 14698 15466 16205 16965 17725 18465 19232 19970 20732 21478 22232 22998 23733 24499 25245 25999 26754 27499 28266 29003 29766 30522 31265 32028 32768 33533 34276 35032 35795 36533 37299 38043 38799 39550 40299 41066 41802 42566 43317 44065 44826 45565 46333 47073 47830 48594 49332 50096 50838 51599 52347 53098 53865 54601 55366 56115 56867 57623 58423 58925 58853 58853 58853 58853 58853 58853 58853 58853 58853 58853 58853 58853 58853 58853 
6682 6682 6682 6682 6682 6682 6682 6682 6682 6682 6682 6682 6682 6682 6610 7112 7912 8668 9420 10169 10934 11670 12437 13188 13936 14697 15439 16203 16941 17705 18462 19202 19970 20709 21470 22218 22969 23733 24469 25236 25985 26736 27492 28236 29002 29740 30503 31259 32002 32768 33507 34270 35013 35769 36532 37269 38036 38781 39536 40290 41036 41802 42537 43303 44057 44803 45565 46303 47070 47810 48570 49330 50069 50837 51577 52337 53085 53835 54601 55337 56104 56854 57603 58421 58914 58853 58853 58853 58853 58853 58853 58853 58853 58853 58853 58853 58853 58853 58853 58853 
6682 6682 6682 6682 6682 6682 6682 6682 6682 6682 6682 6682 6681 6618 7106 7934 8671 9434 10193 10934 11701 12438 13200 13944 14701 15465 16203 16971 17714 18467 19221 19967 20732 21470 22236 22990 23733 24497 25236 26000 26741 27501 28264 29002 29768 30508 31267 32017 32768 33533 34270 35036 35785 36533 37294 38034 38799 39540 40303 41062 41802 42567 43305 44067 44813 45568 46332 47069 47836 48581 49333 50089 50834 51600 52338 53102 53857 54601 55365 56106 56869 57609 58431 58923 58853 58853 58853 58853 58853 58853 58853 58853 58853 58853 58853 58853 58853 58853 58853 58853 
6682 6682 6682 6682 6682 6682 6682 6682 6682 6682 6682 6682 6613 7117 7919 8677 9419 10183 10934 11677 12450 13188 13943 14695 15451 16205 16943 17718 18461 19209 19971 20719 21476 22217 22984 23733 24477 25248 25987 26744 27492 28252 29004 29744 30518 31259 32010 32767 33518 34276 35013 35785 36530 37279 38043 38786 39543 40286 41051 41803 42544 43315 44057 44811 45564 46319 47073 47812 48586 49329 50077 50840 51586 52344 53084 53851 54600 55343 56115 56855 57611 58419 58920 58853 58853 58853 58853 58853 58853 58853 58853 58853 58853 58853 58853 58853 58853 58853 58853 58853 
6682 6682 6682 6682 6682 6682 6682 6682 6682 6682 6681 6613 7105 7929 8668 9435 10175 10934 11685 12433 13198 13936 14701 15453 16200 16960 17699 18466 19205 19966 20729 21469 22233 22972 23734 24479 25232 25999 26735 27501 28248 29001 29758 30500 31266 32004 32768 33525 34268 35032 35769 36533 37279 38032 38798 39535 40304 41046 41801 42552 43299 44066 44804 45568 46321 47067 47828 48568 49334 50074 50834 51596 52335 53101 53839 54601 55349 56099 56866 57602 58429 58919 58854 58853 58853 58853 58853 58853 58853 58853 58853 58853 58853 58853 58853 58853 58853 58853 58853 58853 
6682 6682 6682 6682 6682 6682 6682 6682 6682 6682 6619 7117 7931 8683 9424 10198 10934 11694 12451 13196 13957 14697 15464 16206 16959 17725 18464 19229 19973 20730 21480 22225 22998 23733 24494 25248 25997 26755 27495 28263 29004 29761 30523 31263 32026 32768 33531 34276 35027 35795 36532 37294 38043 38798 39552 40292 41063 41803 42562 43320 44063 44826 45563 46331 47074 47827 48594 49331 50094 50840 51598 52348 53093 53864 54600 55360 56118 56864 57623 58422 58924 58853 58853 58853 58853 58853 58853 58853 58853 58853 58853 58853 58853 58853 58853 58853 58853 58853 58853 58853 
6682 6682 6682 6682 6682 6682 6682 6682 6682 6610 7107 7918 8669 9425 10165 10934 11672 12434 13192 13935 14699 15438 16201 16944 17700 18465 19202 19967 20712 21468 22223 22965 23733 24471 25235 25990 26736 27495 28235 29002 29742 30500 31262 32000 32767 33509 34269 35017 35767 36533 37269 38034 38786 39535 40292 41033 41802 42538 43298 44061 44801 45567 46304 47069 47814 48567 49333 50069 50835 51582 52336 53089 53832 54600 55338 56102 56857 57603 58423 58914 58853 58853 58853 58853 58853 58853 58853 58853 58853 58853 58853 58853 58853 58853 58853 58853 58853 58853 58853 58853 
6682 6682 6682 6682 6682 6682 6682 6682 6620 7108 7933 8676 9435 10197 10934 11703 12443 13199 13951 14701 15466 16202 16969 17719 18467 19227 19967 20733 21474 22234 22993 23733 24502 25241 26001 26748 27502 28265 29002 29769 30516 31266 32024 32767 33535 34272 35035 35791 36533 37299 38036 38799 39543 40304 41063 41802 42568 43310 44066 44821 45568 46333 47069 47837 48589 49334 50096 50836 51600 52341 53102 53862 54601 55368 56108 56868 57616 58428 58925 58853 58853 58853 58853 58853 58853 58853 58853 58853 58853 58853 58853 58853 58853 58853 58853 58853 58853 58853 58853 58853 
6682 6682 6682 6682 6682 6682 6682 6612 7117 7912 8672 9419 10177 10934 11673 12445 13187 13940 14695 15444 16205 16941 17710 18462 19205 19970 20712 21473 22217 22979 23732 24470 25245 25985 26740 27492 28244 29003 29741 30512 31258 32005 32768 33511 34273 35012 35777 36531 37271 38043 38781 39540 40286 41046 41803 42538 43310 44055 44806 45565 46311 47073 47808 48578 49330 50072 50839 51579 52340 53084 53843 54600 55341 56113 56852 57605 58419 58917 58853 58853 58853 58853 58853 58853 58853 58853 58853 58853 58853 58853 58853 58853 58853 58853 58853 58853 58853 58853 58853 58853 
6682 6682 6682 6682 6682 6681 6615 7103 7932 8669 9433 10183 10934 11691 12433 13199 13938 14701 15459 16200 16966 17703 18467 19212 19966 20731 21469 22236 22980 23734 24489 25231 26000 26738 27503 28256 29000 29763 30502 31265 32008 32768 33530 34269 35035 35774 36534 37283 38034 38799 39536 40303 41051 41801 42562 43298 44066 44806 45569 46327 47068 47835 48571 49334 50079 50834 51598 52336 53102 53847 54602 55356 56101 56868 57605 58429 58921 58854 58853 58853 58853 58853 58853 58853 58853 58853 58853 58853 58853 58853 58853 58853 58853 58853 58853 58853 58853 58853 58853 58853 
6682 6682 6682 6682 6682 6616 7116 7928 8680 9421 10194 10935 11687 12451 13193 13952 14697 15460 16206 16952 17724 18462 19220 19973 20727 21479 22221 22995 23732 24486 25249 25995 26752 27490 28261 29004 29753 30523 31260 32020 32767 33527 34277 35019 35793 36531 37287 38043 38794 39550 40290 41062 41803 42552 43320 44061 44821 45565 46327 47073 47820 48593 49330 50087 50840 51594 52348 53087 53860 54601 55355 56116 56860 57619 58420 58922 58853 58853 58853 58853 58853 58853 58853 58853 58853 58853 58853 58853 58853 58853 58853 58853 58853 58853 58853 58853 58853 58853 58853 58853 
6682 6682 6682 6682 6611 7104 7924 8668 9430 10168 10934 11676 12433 13196 13935 14701 15442 16201 16950 17699 18466 19204 19966 20719 21468 22228 22968 23733 24473 25234 25993 26734 27500 28239 29002 29748 30499 31265 32002 32768 33515 34270 35023 35766 36533 37272 38034 38791 39535 40299 41036 41802 42544 43299 44063 44801 45568 46311 47068 47820 48566 49334 50070 50834 51588 52335 53095 53833 54601 55340 56099 56862 57602 58426 58916 58854 58853 58853 58853 58853 58853 58853 58853 58853 58853 58853 58853 58853 58853 58853 58853 58853 58853 58853 58853 58853 58853 58853 58853 58853 
6682 6682 6682 6621 7114 7933 8679 9433 10199 10935 11701 12447 13199 13956 14699 15466 16205 16966 17726 18466 19231 19969 20731 21477 22234 22996 23733 24501 25245 25998 26754 27500 28264 29003 29768 30521 31264 32028 32768 33533 34275 35033 35794 36533 37300 38040 38800 39548 40299 41066 41802 42567 43315 44066 44826 45567 46333 47073 47835 48593 49334 50099 50837 51600 52345 53100 53864 54601 55367 56113 56866 57620 58424 58925 58853 58853 58853 58853 58853 58853 58853 58853 58853 58853 58853 58853 58853 58853 58853 58853 58853 58853 58853 58853 58853 58853 58853 58853 58853 58853 
6682 6682 6611 7113 7911 8669 9420 10171 10935 11669 12439 13188 13936 14696 15438 16203 16941 17704 18462 19202 19970 20709 21471 22216 22971 23733 24469 25238 25984 26736 27492 28237 29003 29740 30505 31259 32003 32767 33507 34270 35012 35772 36532 37270 38040 38780 39536 40287 41038 41802 42537 43305 44057 44804 45563 46304 47069 47808 48571 49330 50070 50837 51577 52338 53084 53837 54600 55336 56107 56853 57603 58418 58915 58853 58853 58853 58853 58853 58853 58853 58853 58853 58853 58853 58853 58853 58853 58853 58853 58853 58853 58853 58853 58853 58853 58853 58853 58853 58853 58853 
6681 6617 7107 7934 8671 9434 10190 10934 11698 12436 13200 13942 14701 15464 16201 16968 17709 18467 19218 19968 20733 21470 22236 22987 23733 24495 25235 26000 26739 27503 28260 29002 29769 30506 31267 32014 32768 33532 34271 35036 35782 36535 37291 38033 38799 39538 40303 41058 41802 42566 43303 44067 44811 45568 46331 47069 47837 48578 49334 50087 50834 51600 52338 53102 53854 54602 55364 56102 56867 57608 58429 58923 58853 58853 58853 58853 58853 58853 58853 58853 58853 58853 58853 58853 58853 58853 58853 58853 58853 58853 58853 58853 58853 58853 58853 58853 58853 58853 58853 58853 
6614 7118 7922 8678 9420 10188 10934 11680 12451 13189 13946 14695 15455 16205 16945 17720 18462 19212 19971 20722 21477 22216 22989 23732 24479 25246 25988 26747 27492 28253 29004 29747 30521 31259 32011 32768 33521 34276 35014 35787 36531 37279 38043 38787 39545 40287 41056 41802 42545 43317 44057 44813 45564 46321 47074 47814 48589 49330 50079 50840 51588 52345 53084 53854 54601 55346 56118 56856 57612 58417 58921 58853 58853 58853 58853 58853 58853 58853 58853 58853 58853 58853 58853 58853 58853 58853 58853 58853 58853 58853 58853 58853 58853 58853 58853 58853 58853 58853 58853 58853 
7104 7929 8668 9434 10173 10934 11682 12433 13198 13935 14701 15450 16202 16960 17698 18466 19206 19966 20725 21468 22231 22970 23733 24477 25232 25998 26736 27502 28245 29001 29754 30499 31266 32003 32768 33524 34268 35030 35767 36533 37274 38032 38795 39534 40300 41041 41801 42551 43299 44065 44803 45568 46319 47067 47827 48567 49334 50072 50834 51594 52335 53100 53837 54602 55346 56099 56866 57604 58428 58918 58854 58853 58853 58853 58853 58853 58853 58853 58853 58853 58853 58853 58853 58853 58853 58853 58853 58853 58853 58853 58853 58853 58853 58853 58853 58853 58853 58853 58853 58853 
7932 8682 9428 10198 10935 11697 12451 13197 13959 14697 15465 16206 16964 17725 18464 19229 19973 20730 21480 22230 22998 23733 24495 25248 25997 26755 27496 28265 29004 29763 30523 31264 32028 32767 33532 34276 35029 35795 36532 37296 38045 38797 39550 40294 41064 41802 42563 43318 44065 44826 45565 46332 47073 47828 48594 49333 50096 50839 51598 52348 53095 53864 54600 55364 56118 56866 57623 58424 58924 58853 58853 58853 58853 58853 58853 58853 58853 58853 58853 58853 58853 58853 58853 58853 58853 58853 58853 58853 58853 58853 58853 58853 58853 58853 58853 58853 58853 58853 58853 58853 
8667 9423 10167 10935 11671 12435 13190 13935 14700 15436 16201 16943 17700 18463 19202 19967 20710 21469 22218 22968 23733 24470 25236 25987 26737 27495 28235 29002 29739 30501 31260 32002 32768 33507 34269 35014 35766 36532 37271 38035 38783 39535 40290 41033 41802 42537 43302 44059 44803 45565 46303 47069 47812 48568 49331 50069 50836 51579 52336 53087 53833 54601 55336 56102 56856 57604 58424 58914 58853 58853 58853 58853 58853 58853 58853 58853 58853 58853 58853 58853 58853 58853 58853 58853 58853 58853 58853 58853 58853 58853 58853 58853 58853 58853 58853 58853 58853 58853 58853 58853 
9436 10193 10934 11702 12441 13200 13948 14701 15466 16202 16969 17716 18466 19225 19966 20734 21471 22238 22991 23733 24501 25239 25999 26746 27501 28265 29002 29770 30513 31267 32019 32768 33533 34271 35036 35788 36533 37298 38035 38801 39540 40304 41065 41802 42570 43310 44066 44816 45568 46333 47070 47836 48586 49334 50094 50835 51600 52340 53102 53860 54601 55367 56107 56867 57612 58428 58924 58853 58853 58853 58853 58853 58853 58853 58853 58853 58853 58853 58853 58853 58853 58853 58853 58853 58853 58853 58853 58853 58853 58853 58853 58853 58853 58853 58853 58853 58853 58853 58853 58853 
10180 10934 11674 12447 13187 13940 14695 15448 16204 16942 17715 18462 19207 19973 20714 21474 22217 22979 23732 24472 25244 25985 26741 27492 28247 29004 29742 30515 31258 32007 32768 33516 34275 35012 35781 36531 37275 38043 38781 39542 40286 41046 41803 42542 43312 44055 44806 45564 46314 47073 47810 48581 49329 50074 50840 51582 52341 53084 53847 54601 55340 56113 56853 57608 58417 58918 58853 58853 58853 58853 58853 58853 58853 58853 58853 58853 58853 58853 58853 58853 58853 58853 58853 58853 58853 58853 58853 58853 58853 58853 58853 58853 58853 58853 58853 58853 58853 58853 58853 58853 
10933 11690 12433 13199 13937 14701 15457 16200 16965 17703 18466 19208 19966 20729 21468 22237 22974 23734 24483 25234 25999 26737 27502 28252 29001 29761 30501 31266 32006 32767 33528 34268 35034 35772 36534 37282 38032 38799 39537 40301 41049 41801 42556 43301 44067 44805 45569 46326 47068 47830 48570 49333 50077 50834 51598 52336 53102 53843 54602 55355 56099 56866 57603 58429 58921 58854 58853 58853 58853 58853 58853 58853 58853 58853 58853 58853 58853 58853 58853 58853 58853 58853 58853 58853 58853 58853 58853 58853 58853 58853 58853 58853 58853 58853 58853 58853 58853 58853 58853 58853 
11690 12452 13195 13955 14695 15463 16206 16955 17724 18463 19223 19973 20729 21480 22224 22994 23732 24489 25249 25995 26754 27491 28263 29004 29757 30521 31261 32023 32768 33529 34277 35022 35796 36531 37290 38043 38796 39551 40290 41062 41803 42555 43318 44061 44823 45562 46330 47074 47821 48594 49330 50089 50840 51596 52348 53089 53862 54600 55356 56116 56862 57620 58418 58923 58853 58853 58853 58853 58853 58853 58853 58853 58853 58853 58853 58853 58853 58853 58853 58853 58853 58853 58853 58853 58853 58853 58853 58853 58853 58853 58853 58853 58853 58853 58853 58853 58853 58853 58853 58853 
12433 13194 13935 14700 15440 16201 16948 17698 18465 19204 19967 20717 21468 22224 22967 23733 24470 25234 25993 26736 27499 28235 29002 29745 30499 31263 32002 32768 33512 34269 35020 35765 36533 37270 38033 38788 39535 40297 41034 41802 42540 43299 44062 44802 45568 46306 47069 47817 48564 49332 50069 50834 51586 52335 53093 53832 54601 55341 56101 56860 57602 58424 58915 58853 58853 58853 58853 58853 58853 58853 58853 58853 58853 58853 58853 58853 58853 58853 58853 58853 58853 58853 58853 58853 58853 58853 58853 58853 58853 58853 58853 58853 58853 58853 58853 58853 58853 58853 58853 58853 
13199 13954 14700 15466 16203 16967 17722 18466 19231 19970 20732 21476 22234 22995 23733 24502 25241 26000 26751 27501 28266 29001 29769 30519 31266 32027 32768 33533 34274 35034 35793 36533 37300 38039 38799 39547 40300 41066 41802 42567 43314 44066 44823 45568 46333 47071 47836 48592 49332 50096 50837 51600 52344 53101 53864 54600 55368 56113 56868 57619 58426 58925 58853 58853 58853 58853 58853 58853 58853 58853 58853 58853 58853 58853 58853 58853 58853 58853 58853 58853 58853 58853 58853 58853 58853 58853 58853 58853 58853 58853 58853 58853 58853 58853 58853 58853 58853 58853 58853 58853 
13937 14695 15440 16203 16941 17706 18461 19204 19972 20708 21471 22215 22972 23732 24469 25242 25983 26737 27490 28239 29002 29740 30508 31259 32003 32767 33508 34272 35014 35774 36531 37270 38040 38780 39537 40289 41040 41802 42539 43307 44056 44804 45565 46308 47070 47810 48575 49330 50070 50838 51577 52338 53084 53839 54600 55338 56108 56852 57605 58420 58916 58853 58853 58853 58853 58853 58853 58853 58853 58853 58853 58853 58853 58853 58853 58853 58853 58853 58853 58853 58853 58853 58853 58853 58853 58853 58853 58853 58853 58853 58853 58853 58853 58853 58853 58853 58853 58853 58853 58853 
